4659561
4659569
4659573
4661342
4661354
4661445
4661449
4661505
4661508
4663290
4663327
4663334
4664906
4665053
4665054
4665091
4666705
4666708
4666844
4668680
4668702
4670418
4670467
4671957
4672064
4672076
4675185
4675290
4675313
4677104
4678748
4680286
4680302
4681119
4681764
4681847
4681852
4681853
4681874
4681900
4683132
4683223
4684658
4686189
4686234
4687663
4687737
4687775
4689215
4689223
4689320
4689328
4689334
4690950
4692433
4692465
4693887
4693889
4693977
4693980
4694005
4695454
4695565
4696922
4698344
4699779
4699897
4699913
4701324
4701325
4701452
4704402
4705783
4705789
4705794
4707447
4707478
4707544
4708948
4708957
4708962
4710466
4710493
4710495
4710499
4713239
4713245
4713344
4713352
4713397
4716152
4716176
4717568
4717669
4717727
4719217
4720387
4720485
4720493
4725437
4725543
4725605
4725607
4726948
4728614
4728647
4729904
4731244
4731358
4731369
4732849
4735792
4735939
4737455
4737520
4738844
4738846
4738983
4740365
4742051
4742066
4744975
4744980
4744982
4744985
4745053
4745115
4745119
4746604
4746659
4748020
4748158
4748189
4749576
4749653
4749700
4751178
4752562
4752574
4752575
4752605
4753802
4755375
4755523
4755535
4757083
4758510
4758552
4758579
4759926
4760019
4760051
4760072
4761159
4761284
4761289
4762780
4764360
4764374
4764464
4766063
4766064
4766142
4767623
4767628
4767777
4769236
4769317
4769329
4770994
4770999
4771002
4772459
4772611
4774074
4774090
4774176
4774238
4774256
4775626
4775632
4777164
4778760
4778810
4778813
4780308
4780309
4780317
4780470
4782090
4783407
4783443
4783447
4783453
4783465
4783486
4784844
4784957
4784994
4785000
4785004
4785005
4786508
4786509
4786593
4789631
4789667
4789677
4789684
4794001
4795633
4795749
4795755
4797408
4797423
4798799
4798840
4800206
4801446
4801452
4801601
4803168
4803196
4803208
4804530
4804661
4806361
4806469
4806526
4806568
4808522
4808537
4808581
4808613
4810629
4810712
4810721
4812303
4812399
4812400
4812452
4812457
4812458
4812467
4814274
4814323
4814332
4814349
4816401
4816441
4816486
4818694
4818700
4820523
4820633
4822779
4822807
4826677
4826810
4826834
4826874
4829051
4830967
4831031
4831042
4832950
4833076
4833132
4833148
4833167
4834946
4835104
4837009
4837145
4837153
4837381
4839365
4840793
4840795
4840892
4840906
4840937
4840944
4840963
4843002
4843099
4844900
4845025
4845026
4845102
4845119
4847072
4847075
4847294
4847303
4849420
4851226
4851403
4851419
4851440
4853224
4853375
4853384
4853392
4853414
4855127
4855137
4855295
4855311
4857308
4857310
4857311
4857324
4857337
4857519
4857551
4857555
4857556
4859461
4859463
4859464
4859681
4859688
4861756
4861799
4863719
4863742
4863868
4863933
4863943
4863960
4863967
4866076
4866083
4866088
4868116
4868118
4868120
4868191
4868193
4870016
4870084
4871537
4871726
4873086
4873253
4874695
4874699
4874759
4874770
4874781
4874786
4874790
4876085
4876087
4876197
4876198
4876257
4876266
4876267
4876273
4876281
4876283
4877621
4877775
4877789
4879219
4879226
4879233
4880731
4880796
4880834
4882143
4882161
4882280
4882328
4883665
4883792
4883814
4886668
4886743
4886807
4888287
4888339
4888343
4888344
4889809
4889858
4891210
4891312
4891319
4891363
4892739
4894325
4894327
4894332
4894342
4894383
4894390
4895839
4895870
4897407
4898730
4898858
4898859
4898866
4898869
4900550
4900553
4900725
4900749
4900752
4902624
4904469
4904601
4904652
4904682
4906466
4906614
4906634
4908310
4908364
4908379
4910023
4910194
4910214
4911924
4911933
4912123
4912137
4916123
4916130
4916134
4916140
4918066
4918081
4918085
4918165
4920146
4923803
4923880
4925653
4925659
4925870
4927623
4927624
4927808
4927855
4929632
4929637
4931281
4931399
4931441
4931474
4933174
4933278
4933324
4933330
4933348
4933350
4937189
4937196
4937240
4937243
4939087
4939089
4939094
4939128
4939148
4940582
4942038
4943430
4943524
4943575
4944948
4945041
4945048
4945049
4945064
4945086
4946676
4946785
4946857
4948788
4950651
4952392
4952509
4952561
4952594
4952598
4954441
4954443
4954514
4956294
4956352
4956379
4957740
4957742
4957747
4957919
4957924
4959302
4959304
4959359
4960592
4960757
4960784
4960785
4960798
4962106
4963362
4963366
4963530
4963542
4963553
4963557
4963563
4963575
4965191
4965201
4965206
4965286
4966773
4966901
4968608
4970063
4970198
4970238
4971786
4971793
4971800
4971959
4971984
4973584
4973592
4975366
4975373
4975374
4975435
4977164
4977180
4977183
4977186
4978522
4978664
4980148
4980150
4980161
4981795
4981847
4981866
4983376
4983396
4983397
4983586
4983602
4985173
4985237
4985254
4985412
4985442
4988499
4988684
4990501
4990528
4992264
4992270
4992437
4992466
4992475
4993415
4994260
4994389
4994438
4994449
4994451
4994475
4996156
4996205
4997646
4997766
4999184
4999291
4999351
4999358
4999362
4999366
4999368
5000960
5001057
5001122
5001124
5001145
5004605
5004611
5006338
5006460
5006539
5006540
5008183
5008184
5008255
5008259
5008274
5009884
5010009
5010055
5010090
5011825
5011833
5013550
5013558
5015471
5015636
5017567
5019514
5019583
5021404
5021443
5021448
5021459
5023172
5023243
5023246
5023264
5023275
5024829
5024833
5024995
5025002
5025018
5026537
5026561
5026704
5026706
5026707
5026731
5028433
5028590
5028618
5028619
5028628
5030555
5030576
5030634
5032396
5032518
5032582
5034410
5035879
5035888
5036006
5036048
5036060
5036065
5037635
5037639
5037652
5037736
5037738
5037820
5037852
5039609
5039667
5039670
5039673
5039682
5041278
5041437
5041439
5041447
5043280
5043321
5043329
5045453
5045462
5045544
5045556
5045558
5047318
5047320
5047325
5047334
5047340
5047345
5047396
5047400
5047419
5049315
5049374
5049378
5049579
5051360
5053409
5055301
5055462
5055482
5057410
5057415
5057416
5057523
5057534
5059618
5061619
5061701
5063150
5063205
5063222
5063247
5064644
5064652
5064654
5064656
5064757
5064763
5064764
5064818
5064823
5064824
5064858
5066590
5066656
5066661
5066672
5066680
5066808
5068107
5068111
5070104
5071658
5071754
5071862
5071867
5073561
5075104
5075223
5075293
5075297
5075327
5075334
5077056
5077214
5077287
5078994
5079144
5079165
5079228
5079231
5080897
5081030
5081126
5081132
5081138
5081141
5082651
5082659
5082772
5082857
5084276
5084388
5084462
5084467
5084476
5085982
5085998
5086040
5086061
5086070
5087450
5087566
5089276
5089474
5089494
5089499
5091172
5091177
5091192
5091194
5091306
5091389
5091419
5093124
5093320
5093362
5094848
5094851
5095024
5096707
5096714
5096717
5096886
5096922
5096923
5098838
5098900
5098919
5098996
5100662
5102655
5102870
5102892
5102907
5104650
5104793
5104865
5106832
5106853
5106858
5106869
5108740
5108995
5109002
5112746
5114839
5114852
5114916
5114917
5114967
5114974
5116536
5116613
5116618
5116622
5116747
5116835
5116869
5118500
5120504
5120532
5120548
5120644
5120650
5120657
5120720
5122376
5122516
5122538
5124154
5124313
5126149
5126238
5126342
5126350
5126365
5128145
5128353
5128356
5130250
5130323
5132293
5133956
5133963
5133965
5134132
5134138
5134160
5135948
5137814
5137817
5137875
5137881
5137893
5137908
5137919
5139773
5140011
5140012
5140035
5141743
5141858
5141869
5141946
5141948
5141957
5143722
5143912
5143919
5143922
5143931
5145853
5147632
5147651
5147776
5147892
5149528
5149638
5149644
5151362
5151417
5151448
5153181
5153184
5153187
5154926
5155041
5155043
5156964
5157033
5157045
5158870
5158876
5158938
5158962
5162304
5162351
5162358
5164306
5164312
5164313
5164388
5164402
5165920
5165937
5166072
5166167
5166195
5168049
5168100
5169635
5169639
5169757
5169775
5169842
5169855
5171582
5171686
5173510
5176914
5176917
5177065
5177069
5177095
5178850
5178875
5179089
5179091
5179098
5179126
5180664
5180667
5180722
5180742
5182111
5182113
5182264
5182269
5182279
5183743
5185161
5185256
5185327
5185332
5185364
5186857
5187061
5187064
5187158
5187195
5188828
5188842
5190876
5192531
5192658
5192679
5192771
5192806
5194383
5194384
5196320
5196331
5196432
5198340
5198347
5198427
5198447
5198450
5198454
5198455
5198457
5200318
5200409
5200411
5200422
5202240
5202254
5202260
5202342
5204111
5204325
5206149
5206244
5206256
5208219
5208255
5208258
5209933
5210017
5210027
5210029
5210094
5211936
5211958
5212058
5212154
5213970
5214035
5215885
5215886
5215918
5215969
5216002
5217718
5217979
5218000
5219561
5219568
5219860
5223245
5225194
5225331
5227153
5227290
5227292
5227293
5227375
5229113
5229394
5229406
5230897
5230997
5231026
5232830
5232852
5234687
5234808
5234816
5236710
5236826
5236830
5236837
5236926
5236928
5236933
5236948
5238816
5238825
5238961
5240693
5240701
5240705
5240851
5240926
5240935
5240947
5242912
5242937
5244796
5244919
5246942
5246946
5246957
5248494
5248670
5248699
5250524
5250552
5250569
5252337
5252579
5252604
5252606
5254335
5254348
5254460
5254462
5254534
5254561
5256405
5256643
5256681
5256695
5258177
5258180
5258380
5260073
5260190
5260212
5260274
5260281
5260298
5260316
5260319
5260324
5260872
5262164
5262167
5262421
5262422
5262436
5264423
5264432
5264459
5266311
5266463
5266480
5266490
5266589
5266594
5268170
5268178
5268276
5268374
5268390
5268391
5268454
5270045
5270055
5270181
5270342
5272150
5273877
5273973
5273997
5274003
5276025
5276038
5276054
5277903
5278050
5278180
5278184
5279821
5279942
5280046
5281415
5281420
5281521
5281527
5281617
5283241
5283260
5284660
5284826
5284853
5284866
5286477
5286639
5286737
5288496
5288500
5288704
5290543
5290561
5290683
5290700
5290764
5290785
5290798
5290799
5290806
5292506
5292521
5292524
5292654
5292660
5292755
5292775
5294445
5296217
5296227
5296357
5296368
5296371
5296465
5296469
5296500
5298237
5298246
5298396
5298401
5298514
5298526
5300291
5300437
5302382
5302398
5302507
5302521
5302584
5302599
5302600
5304471
5304548
5304554
5304724
5306501
5306709
5306724
5308605
5308626
5308848
5308874
5310552
5310650
5312835
5314817
5316762
5316767
5317023
5318963
5320834
5320942
5320950
5321016
5321017
5321023
5321028
5324662
5324739
5326779
5326787
5328825
5330737
5330742
5330744
5330911
5330976
5330983
5334534
5334585
5334599
5334615
5334618
5336498
5336670
5336682
5338536
5338664
5338736
5338758
5338760
5340566
5340806
5340831
5342621
5342840
5344759
5344838
5344842
5346819
5346822
5346823
5346825
5346922
5348880
5348952
5348961
5348976
5350744
5350764
5352432
5352456
5352463
5352583
5352694
5352697
5354553
5354652
5354657
5354672
5354679
5354757
5356634
5356635
5356772
5356795
5356803
5356815
5356873
5356905
5356929
5358711
5358851
5358944
5358948
5358959
5358969
5358973
5360612
5360613
5360615
5360814
5362647
5364768
5364772
5364791
5364861
5366722
5366970
5366976
5368854
5368862
5369130
5370867
5370924
5370991
5370992
5373016
5374429
5374550
5374640
5375693
5376371
5376386
5376646
5376652
5376667
5378475
5378614
5380519
5380715
5380720
5380735
5380747
5382574
5382575
5382581
5382582
5382594
5384132
5384323
5385826
5385840
5385891
5385934
5387411
5387419
5387595
5387598
5387606
5389364
5389373
5389631
5389644
5389651
5391379
5393659
5393663
5393751
5395610
5395758
5395824
5395826
5395838
5395844
5397694
5397701
5397780
5399338
5399343
5399493
5399575
5401657
5401659
5401660
5401741
5401774
5403575
5403736
5403857
5403862
5403863
5405607
5405742
5405748
5405760
5405763
5405770
5405774
5405835
5407796
5407808
5407823
5407916
5409688
5409810
5409925
5411950
5413789
5413989
5414012
5414198
5415854
5416107
5416108
5416114
5416115
5418144
5418147
5418168
5418228
5418244
5419906
5420011
5420123
5422114
5422268
5422346
5422348
5422354
5422357
5424065
5424142
5424313
5425941
5427911
5427920
5427922
5427934
5429819
5430043
5431918
5432064
5432083
5432159
5432162
5434074
5434075
5434139
5434143
5434167
5436010
5436128
5436235
5437870
5437874
5437974
5439794
5439799
5439889
5441947
5441951
5441971
5441984
5443959
5443964
5443969
5444053
5445825
5445831
5445933
5445944
5446050
5447722
5447945
5451410
5451581
5453421
5455021
5455271
5455272
5455276
5457097
5457108
5457127
5458889
5459039
5459064
5459142
5459156
5460819
5460829
5460952
5462872
5462935
5462939
5462956
5462962
5464614
5464619
5464621
5464628
5464629
5464740
5464744
5464747
5464751
5464823
5464846
5466440
5466450
5466457
5466584
5466589
5466683
5468479
5468613
5468634
5470574
5470711
5470714
5472683
5472692
5472693
5472862
5472869
5472875
5472963
5474701
5474761
5474779
5474991
5476860
5478574
5478806
5478816
5478831
5478833
5478845
5478851
5478855
5478856
5480631
5480867
5480872
5482843
5482931
5482942
5482957
5484586
5484712
5484782
5486352
5486505
5486531
5487886
5487895
5487982
5488058
5489516
5489531
5489613
5489615
5491136
5491152
5492912
5492924
5494670
5494674
5494821
5494894
5494900
5494908
5494925
5494927
5496543
5496721
5496811
5496831
5498628
5498631
5498633
5500224
5500339
5500342
5500416
5500445
5501856
5501973
5502070
5502081
5503827
5503845
5503982
5503996
5504000
5505968
5506262
5508023
5508037
5508041
5508180
5508183
5508261
5508273
5508282
5508292
5508297
5510119
5510120
5510391
5512288
5512468
5512552
5512585
5514375
5514561
5516630
5516644
5516654
5516664
5516681
5516769
5518709
5518717
5518726
5518924
5519055
5520909
5520916
5520925
5521060
5521063
5521067
5521182
5521195
5523213
5523231
5523234
5523287
5523321
5525326
5525462
5525470
5527667
5527678
5527773
5527774
5529788
5529791
5529910
5529920
5532001
5532122
5534241
5534243
5534410
5534553
5536643
5536659
5536728
5538728
5538734
5538735
5538875
5538967
5538971
5538972
5540925
5540936
5541063
5541090
5541182
5543413
5543424
5545343
5545517
5545527
5545534
5545587
5545617
5545644
5545667
5547955
5547978
5550040
5550132
5550156
5552139
5552162
5552315
5552408
5552427
5554373
5554536
5554614
5554638
5554643
5556642
5556767
5556848
5556850
5556877
5558997
5559114
5559117
5559146
5559150
5560918
5561054
5561058
5561114
5561132
5561146
5562921
5562922
5563052
5563145
5563170
5563176
5565204
5565335
5565353
5565430
5567434
5567602
5569462
5569591
5571502
5571532
5571534
5571677
5571678
5571716
5571802
5573756
5573777
5573921
5573938
5573940
5576003
5576298
5576334
5576353
5578458
5578477
5578489
5578490
5578582
5578630
5580556
5580574
5580578
5580721
5580756
5580898
5583028
5583038
5583106
5583107
5583111
5583132
5585033
5585099
5585109
5585265
5585348
5585350
5585361
5585384
5587170
5587288
5587290
5587376
5587377
5589337
5589351
5589365
5589390
5589465
5589500
5589514
5591437
5591447
5591580
5591583
5591599
5591600
5591612
5591623
5591632
5591633
5591732
5593694
5593884
5594002
5594009
5594015
5594022
5594033
5595871
5597567
5597700
5597704
5597815
5597818
5597831
5599526
5599529
5599672
5599796
5599804
5599822
5601808
5601821
5601998
5602024
5602100
5602103
5602157
5603863
5604100
5604114
5604201
5604244
5604253
5605651
5605798
5605825
5605826
5605827
5605931
5607921
5607956
5609871
5609875
5609880
5609881
5610035
5610065
5610137
5610200
5612207
5612311
5612322
5614168
5614200
5614405
5614412
5614531
5614556
5616590
5618538
5618553
5618555
5618716
5618729
5618822
5618838
5620681
5620689
5620858
5620894
5620978
5622698
5622851
5622930
5622932
5622952
5622967
5622987
5622991
5624820
5624832
5624947
5626865
5626878
5627021
5627175
5627177
5627211
5629012
5629167
5629198
5629281
5629283
5629289
5631024
5631234
5631240
5631270
5632970
5632972
5632999
5633000
5633140
5633145
5633227
5633232
5635201
5635215
5635345
5635359
5635365
5635371
5635390
5635478
5635483
5635486
5635512
5635527
5637317
5637324
5637586
5637601
5639645
5639647
5639727
5639728
5639774
5639785
5641493
5641629
5641753
5641773
5641807
5643571
5643596
5643725
5643728
5643733
5643878
5643888
5643931
5643937
5645827
5645833
5645839
5645845
5646005
5646009
5646036
5646143
5648077
5648086
5648095
5648206
5648217
5648256
5648335
5648394
5648471
5650151
5650275
5650288
5650320
5650402
5651997
5652100
5652103
5652227
5652258
5653957
5653974
5654008
5654010
5654012
5654139
5654155
5654163
5654266
5654284
5654316
5656277
5656278
5656283
5656462
5656592
5656606
5656609
5656618
5656633
5656644
5656660
5656662
5656669
5658749
5660811
5660977
5661001
5661026
5661176
5662893
5662899
5662907
5662918
5662940
5663164
5663184
5665364
5665374
5665376
5665378
5665537
5665542
5665546
5665549
5665555
5665707
5665725
5665726
5665748
5665753
5665763
5667765
5667978
5667981
5668113
5668118
5668142
5668152
5668175
5670143
5670148
5670158
5670175
5670365
5670478
5670494
5670498
5670546
5672502
5672508
5672610
5674507
5674721
5674740
5674836
5676924
5676970
5677176
5677315
5677329
5677332
5677335
5679318
5679328
5679332
5679339
5679348
5679352
5679522
5679530
5679637
5679667
5679712
5679713
5681552
5681568
5681697
5681702
5681717
5681839
5681857
5681860
5683688
5683701
5684011
5684017
5686094
5686284
5686408
5686445
5686448
5686451
5686483
5686491
5686495
5688501
5688521
5688523
5688766
5688788
5688813
5690905
5691180
5691193
5691304
5691310
5691313
5691346
5691349
5691359
5691370
5693308
5693321
5693323
5693337
5693487
5693490
5693508
5693627
5693645
5693655
5695779
5695782
5695940
5695944
5695957
5696126
5696131
5698183
5698198
5698521
5698555
5700450
5700454
5700634
5700667
5700786
5700787
5702693
5702898
5702913
5702939
5702949
5703058
5703062
5703088
5703116
5703121
5705151
5705343
5705384
5705389
5705487
5705497
5705514
5705517
5707550
5707805
5707814
5707817
5707854
5707868
5707965
5707967
5707968
5707973
5707987
5708014
5708035
5709847
5710016
5710039
5710150
5711950
5711956
5712120
5712249
5714155
5714314
5714328
5714364
5714378
5714380
5714458
5714481
5714505
5714517
5716599
5716630
5716781
5716848
5716930
5716978
5718906
5718916
5718924
5719165
5719190
5721095
5721107
5721108
5721133
5723102
5723286
5723300
5723325
5723473
5725867
5726016
5726019
5726023
5726049
5726057
5726155
5726156
5726169
5726202
5726207
5728369
5728378
5728401
5728678
5728714
5728723
5730962
5730966
5730983
5731142
5731155
5731161
5731192
5731287
5731325
5731332
5731356
5733568
5733734
5733756
5733888
5733927
5736032
5736370
5736398
5736522
5736527
5736542
5736554
5736570
5736584
5739012
5739143
5741510
5741514
5741522
5741637
5741642
5741683
5741774
5741809
5744126
5744129
5744157
5744302
5744333
5744363
5744450
5744458
5744478
5744495
5747001
5747064
5747330
5747474
5747477
5747493
5747503
5747511
5747540
5747543
5747544
5750100
5750116
5750123
5750339
5750367
5750382
5750514
5750544
5750571
5753218
5753243
5753250
5753256
5753463
5753521
5753628
5753698
5753701
5756091
5756294
5756350
5756464
5756547
5759558
5759775
5759788
5759791
5759836
5759854
5760046
5760054
5760075
5760093
5762932
5763252
5763361
5763397
5763411
5763443
5763496
5766607
5766620
5766852
5766874
5766894
5766950
5767068
5767083
5767085
5767126
5767148
5770178
5770181
5770185
5770219
5770227
5770234
5770415
5770429
5770438
5770569
5770572
5770585
5770738
5773011
5773213
5773228
5773255
5773277
5773280
5773468
5776448
5776483
5776679
5776690
5776716
5776730
5776756
5776890
5776915
5776935
5776960
5780010
5780051
5780220
5780247
5780263
5780264
5780437
5780446
5783181
5783421
5783427
5783434
5786145
5786154
5786208
5786346
5786369
5786390
5788984
5789158
5789177
5789194
5789224
5789232
5789243
5789385
5789402
5789414
5789432
5789440
5789447
5792444
5792459
5792757
5792777
5792786
5795353
5795589
5795726
5795859
5795889
5795897
5795899
5795900
5798372
5798392
5800537
5801005
5801053
5801177
5804157
5804162
5804189
5804193
5804409
5804425
5804434
5804435
5804567
5804596
5804597
5807548
5807685
5807697
5807702
5807819
5807828
5807848
5811098
5811295
5811391
5811408
5811414
5811424
5814309
5814328
5814333
5814339
5814483
5814614
5814660
5817294
5817298
5817330
5817484
5817485
5817500
5817629
5817688
5820881
5821066
5824296
5824327
5824331
5824345
5824500
5824552
5824673
5824678
5824706
5827506
5827658
5827682
5827713
5827845
5827858
5827866
5827897
5830439
5830441
5830480
5830648
5830691
5830692
5830695
5830701
5830702
5830723
5830730
5830739
5830747
5830751
5830756
5830867
5830899
5833944
5833965
5833969
5833988
5833989
5834022
5834226
5834261
5834284
5834437
5834447
5834457
5834477
5834484
5837236
5837240
5837258
5837268
5837280
5837284
5837488
5837497
5837529
5837533
5837672
5837705
5837706
5837724
5837731
5840280
5840291
5840305
5840477
5840478
5840495
5840497
5840556
5840574
5840697
5840702
5840724
5840731
5840742
5840771
5843411
5843413
5843431
5843463
5843467
5843663
5843712
5843733
5843756
5843778
5843901
5843914
5843957
5843958
5843980
5843988
5846548
5846566
5846709
5846759
5846778
5846795
5846933
5846947
5846993
5849284
5849315
5849327
5849525
5849540
5849544
5849559
5849576
5849579
5849583
5849585
5849696
5849773
5851765
5851790
5851806
5852006
5852012
5853709
5853714
5853715
5853753
5853766
5853999
5854032
5854056
5854062
5854217
5854289
5856097
5856116
5856155
5856158
5856160
5856320
5858336
5858390
5858394
5858398
5858649
5858693
5858694
5858738
5858747
5858752
5858756
5859001
5859017
5859020
5859024
5859065
5859067
5861143
5861163
5861251
5861288
5861292
5861385
5861402
5863727
5863774
5863792
5866104
5866107
5866147
5866158
5866340
5866367
5866377
5866395
5866419
5866584
5869058
5869073
5869089
5869242
5869278
5869460
5869476
5869477
5869525
5869538
5871731
5871738
5871772
5871902
5871908
5871962
5872138
5872153
5874079
5874088
5874250
5874266
5874409
5877012
5877174
5877189
5879697
5879897
5879902
5880160
5882626
5882669
5882686
5882858
5883071
5883102
5883110
5883118
5883133
5885548
5885562
5885586
5885819
5885830
5885960
5886010
5886025
5886054
5888493
5888496
5888519
5888533
5888747
5889004
5889018
5891428
5891448
5891459
5891626
5891656
5891693
5891844
5891866
5891923
5894070
5895646
5897853
5898029
5900238
5900252
5900257
5900414
5900426
5902582
5902732
5902816
5904921
5905034
5905081
5906809
5908844
5908857
5908859
5910411
5910512
5911993
5912120
5912130
5912157
5912159
5912233
5914101
5914111
5914115
5914123
5914124
5914233
5914263
5914311
5916545
5916562
5916585
5916746
5916893
5916900
5916910
5919446
5919622
5919662
5919756
5919763
5919766
5922340
5922354
5922355
5922548
5922549
5922567
5922572
5922578
5922596
5922600
5922679
5922706
5922733
5925539
5925626
5925636
5925654
5928632
5928644
5928896
5928946
5929046
5929056
5929069
5932213
5932215
5932241
5932447
5932474
5932568
5932583
5932591
5932596
5932616
5935558
5935592
5935594
5935786
5935804
5935839
5935924
5935954
5935988
5939065
5939074
5939093
5939283
5939304
5939309
5939315
5939396
5939397
5939399
5939432
5939449
5942214
5942250
5942252
5942386
5942392
5942411
5942420
5942521
5945116
5945320
5945321
5945438
5948435
5948609
5948668
5948766
5948789
5948805
5948808
5948820
5951983
5951985
5951995
5951996
5952203
5952209
5952220
5952231
5952299
5952351
5952352
5952394
5955068
5955079
5955261
5955269
5955309
5955343
5955426
5955455
5955456
5955458
5955478
5958393
5958691
5958692
5958712
5958735
5958750
5958905
5958912
5958914
5962026
5962232
5962264
5962291
5962407
5962411
5962421
5962425
5962431
5962445
5962472
5962493
5962533
5965109
5965379
5965407
5965409
5965418
5965535
5965550
5965558
5968513
5968770
5968804
5968812
5968821
5968905
5968916
5968946
5972335
5972387
5972609
5972641
5972676
5972897
5972905
5972920
5972922
5972972
5973000
5976493
5976514
5976522
5976526
5976794
5976803
5976828
5976862
5977060
5977072
5980874
5980950
5981163
5981230
5981490
5981492
5981556
5981557
5981583
5981598
5985262
5985288
5985310
5985558
5985568
5985583
5985588
5985610
5985643
5985644
5985833
5985845
5985847
5985865
5985897
5985920
5989563
5989583
5989592
5989810
5989826
5989864
5989865
5989878
5990082
5990119
5990122
5990129
5990144
5990145
5990174
5990179
5993785
5994077
5994118
5994328
5994330
5994356
5994372
5998169
5998176
5998206
5998364
5998368
5998379
5998386
5998403
5998418
5998421
5998433
5998453
5998470
5998486
6000772
6001354
6001382
6001390
6001570
6001603
6001610
6001801
6001818
6001820
6001825
6001840
6001879
6004543
6004564
6004929
6004934
6004967
6004969
6005004
6007794
6007802
6007816
6007825
6007832
6007841
6007842
6008001
6008216
6008232
6008251
6010858
6010878
6011013
6011048
6013265
6013280
6013449
6013636
6013667
6015570
6015794
6015824
6015833
6017733
6017741
6017932
6019959
6019969
6019977
6020122
6020128
6020309
6020320
6020331
6020365
6022533
6022707
6022722
6022869
6022872
6022874
6022890
6022897
6022899
6024937
6024971
6024984
6025123
6025128
6025152
6025184
6025332
6025333
6025361
6025377
6025396
6027750
6027917
6028107
6030606
6030615
6030779
6030786
6030788
6030809
6030817
6030822
6030825
6030835
6031004
6033662
6033680
6033876
6033898
6033903
6034055
6034115
6034116
6034124
6034128
6036943
6036945
6037132
6037171
6037329
6037353
6039683
6039949
6039961
6039971
6040140
6040141
6040304
6042829
6042840
6043065
6043225
6043230
6043248
6043256
6043270
6045797
6045994
6046020
6046169
6046175
6046219
6046226
6046228
6048517
6048537
6048540
6048543
6048727
6048838
6048842
6048854
6048857
6048858
6048867
6048884
6048885
6051229
6051392
6051402
6054139
6054299
6054438
6056951
6057132
6057137
6057155
6057309
6057337
6057353
6060052
6060058
6060257
6060268
6060308
6060446
6060462
6060474
6060507
6063562
6063580
6063597
6063619
6063775
6063780
6063783
6063801
6063812
6066449
6066471
6066486
6066618
6066636
6066644
6066673
6068830
6068856
6069142
6069155
6071491
6071517
6071541
6071708
6071729
6071918
6071923
6074625
6074638
6074640
6074655
6074817
6074831
6074841
6075012
6075055
6077524
6077854
6077872
6080383
6080407
6080413
6080549
6080562
6080572
6080717
6080723
6080783
6083520
6083525
6083694
6083746
6083914
6083923
6083951
6083982
6083985
6083992
6086853
6087101
6087129
6087132
6087162
6087169
6087327
6087399
6087547
6090400
6090415
6090554
6090593
6090617
6090782
6090820
6090844
6093382
6093419
6093531
6093537
6093715
6093732
6096319
6096329
6096346
6096510
6096523
6096536
6096714
6096745
6100055
6100241
6100264
6100279
6100288
6103247
6103465
6103489
6103728
6106817
6107022
6107040
6107044
6107055
6107081
6107274
6107286
6107290
6107294
6107301
6107310
6110453
6110457
6110458
6110478
6110501
6110741
6110898
6110903
6110923
6110958
6110964
6113929
6113936
6113941
6114116
6114162
6114325
6114390
6114395
6117434
6117647
6117659
6117673
6117678
6117847
6120758
6120763
6121280
6121282
6121317
6124091
6124103
6124129
6124265
6124332
6124353
6124364
6126941
6126956
6127111
6127113
6127120
6127160
6127333
6127410
6127423
6129913
6130084
6130089
6130210
6130254
6132704
6132713
6132728
6132734
6132735
6132777
6132964
6133005
6133243
6133259
6133285
6133304
6133312
6133322
6136543
6136584
6136785
6136801
6136817
6136863
6139835
6139841
6139847
6139857
6139862
6140046
6140050
6140090
6140309
6140321
6140322
6140347
6143306
6143330
6143332
6143492
6143515
6143517
6143521
6143554
6143760
6143784
6143788
6146641
6146890
6146892
6147055
6147077
6147081
6147097
6150126
6150144
6150155
6150358
6150359
6150371
6150392
6153186
6153191
6153223
6153224
6153408
6153433
6153592
6156303
6156312
6156347
6156494
6156531
6156548
6156553
6156556
6156745
6156768
6156777
6156801
6159458
6159480
6159697
6159717
6159725
6159732
6159973
6162450
6162458
6162606
6162809
6162813
6165447
6165453
6165460
6165479
6165489
6165491
6165505
6165514
6165722
6165759
6165982
6165995
6166015
6166035
6166051
6166062
6166093
6168791
6168806
6168947
6168949
6169089
6171583
6171789
6171790
6171822
6171839
6171856
6172072
6172094
6174534
6174706
6174719
6174874
6177072
6177106
6177241
6177252
6177426
6177428
6177435
6180112
6180114
6180336
6180359
6180403
6180643
6180663
6183962
6183989
6184023
6184037
6184217
6184237
6184250
6187288
6187300
6187320
6187330
6187556
6187774
6187787
6190641
6190675
6190700
6190704
6190892
6191129
6191142
6191147
6191166
6193972
6193988
6194143
6194159
6194391
6194394
6194404
6194410
6194418
6194459
6194460
6194467
6197281
6197321
6197341
6197504
6197538
6197548
6197549
6197574
6197747
6197764
6200564
6200565
6200570
6200791
6200809
6200965
6200995
6201007
6203799
6204019
6204262
6204281
6207155
6207168
6207410
6207439
6207654
6207667
6207712
6207713
6210913
6210931
6210960
6211148
6211161
6211193
6211237
6214316
6214386
6214574
6214855
6214857
6214868
6214877
6217851
6217880
6217897
6217899
6218138
6218158
6218185
6218429
6218436
6221343
6221368
6221391
6221611
6221626
6221655
6221843
6221848
6221863
6224873
6225105
6225121
6225301
6225328
6228352
6228369
6228395
6228584
6228601
6228857
6228878
6228890
6231733
6231841
6231872
6231874
6231888
6232079
6232087
6232094
6232115
6232118
6232303
6232324
6235263
6235466
6235507
6235508
6235730
6235734
6235781
6238645
6238671
6238682
6238702
6238914
6239115
6239125
6239130
6239153
6239170
6242193
6242212
6242438
6242453
6242490
6242498
6245322
6245358
6245526
6245532
6248331
6248341
6248531
6248532
6248542
6248552
6248565
6248573
6251387
6251593
6251596
6251606
6251624
6251865
6251902
6251903
6251921
6254874
6254877
6254881
6255057
6255072
6255088
6255285
6255302
6255310
6255346
6255354
6258346
6258349
6258544
6258576
6258787
6258796
6261597
6261772
6261778
6261805
6261834
6262018
6262058
6262113
6264920
6264931
6264952
6264988
6265176
6265205
6265212
6265433
6267992
6268153
6268164
6268170
6268186
6268341
6268365
6268385
6268389
6268396
6270780
6270808
6270980
6271014
6271208
6271212
6271249
6274117
6274162
6274553
6274589
6274593
6277357
6277416
6277588
6277859
6280733
6280736
6280756
6280934
6280976
6280982
6280984
6280986
6280998
6281001
6281207
6281252
6284496
6284503
6284535
6284540
6284728
6284778
6287601
6287781
6287809
6287848
6287849
6287850
6288036
6288076
6290935
6290943
6290975
6291169
6294162
6294174
6294184
6294201
6294328
6294358
6294539
6294571
6296839
6296850
6296867
6297027
6297216
6297233
6297235
6297248
6297249
6297258
6299898
6300078
6300101
6303109
6303136
6303156
6303577
6303586
6303593
6303598
6303616
6303630
6303660
6306377
6306379
6306386
6306422
6306582
6306590
6306598
6306631
6306831
6309631
6309643
6309648
6309653
6309825
6310055
6310068
6310081
6310103
6312692
6312911
6312924
6312946
6313108
6313113
6313116
6313119
6313180
6315991
6315996
6316196
6316406
6316411
6316434
6316435
6316506
6319494
6319678
6319892
6319913
6319920
6319937
6319951
6322785
6322799
6322821
6322822
6322973
6323001
6323021
6323031
6323192
6323213
6323241
6326006
6326139
6326146
6326154
6326164
6326378
6326384
6329158
6329178
6329377
6329416
6331299
6331304
6331409
6331423
6333056
6333174
6333312
6333313
6333317
6333336
6334954
6334998
6335008
6335016
6335017
6335022
6335162
6335164
6335185
6335342
6335345
6335364
6337078
6337093
6337190
6337205
6337315
6337330
6338942
6338948
6340469
6340485
6340674
6340685
6342367
6342487
6342509
6342515
6344178
6344194
6344210
6344220
6344328
6344343
6344440
6346277
6346394
6346404
6348325
6348328
6348461
6348491
6348502
6348508
6350431
6350442
6350742
6350764
6352692
6352693
6352696
6352844
6352982
6355226
6355253
6355427
6355479
6355482
6355634
6355639
6355640
6355663
6355666
6355687
6358499
6358536
6358541
6358700
6358710
6358994
6358999
6361794
6362179
6362225
6362234
6362236
6365135
6365147
6365201
6365398
6368584
6368596
6368606
6368631
6368788
6368829
6368840
6369051
6369058
6369080
6369083
6372203
6372230
6372240
6372432
6372433
6372463
6372487
6372491
6372717
6372735
6372740
6372743
6372750
6372802
6375930
6375938
6375955
6375961
6375964
6375974
6376174
6376175
6376180
6376209
6376213
6376214
6376225
6376475
6376478
6376510
6376548
6379897
6379909
6380197
6380206
6380244
6380253
6380255
6383487
6383757
6383768
6383797
6384016
6384020
6384079
6387365
6387387
6387416
6387633
6387664
6387669
6387670
6387681
6387876
6387878
6387910
6387916
6387952
6387953
6391284
6391285
6391563
6391575
6391588
6391594
6391595
6391600
6391855
6391905
6395271
6395281
6395292
6395299
6395476
6395497
6395500
6395540
6395720
6395749
6395778
6399043
6399070
6399109
6399308
6399327
6399333
6399334
6399336
6399350
6399601
6403074
6403084
6403116
6403315
6403334
6403343
6403630
6403648
6406715
6406842
6406845
6406882
6406886
6406891
6406895
6406898
6407059
6407104
6407106
6407128
6407131
6407132
6407140
6410014
6410039
6410219
6410233
6410313
6410326
6410507
6410539
6413505
6413525
6413729
6413983
6414003
6414018
6416738
6416779
6416951
6417158
6417174
6417215
6417216
6417217
6417223
6419912
6419934
6420148
6420165
6423346
6423497
6423508
6423522
6423681
6423700
6423711
6423744
6426060
6426069
6428324
6428782
6428787
6428987
6429006
6429186
6429197
6429208
6429225
6432385
6432416
6432444
6432633
6432953
6432963
6432972
6433012
6436392
6436400
6436401
6436402
6436638
6436670
6436680
6436682
6436696
6436902
6436921
6436966
6437003
6437004
6440414
6440439
6440440
6440689
6440947
6440949
6440973
6440985
6441048
6444196
6447749
6447764
6447787
6447820
6447990
6448026
6448035
6448076
6448252
6448260
6451331
6451558
6451599
6451761
6451791
6451809
6455047
6455071
6455073
6455278
6455279
6455536
6458340
6458589
6458792
6458804
6458807
6458837
6458839
6461617
6461627
6461808
6461847
6461867
6462067
6462082
6464969
6465002
6465012
6465211
6465221
6465244
6465426
6465428
6465434
6465444
6465467
6468513
6468550
6468564
6468734
6468780
6468786
6468985
6468998
6469017
6469020
6469027
6469052
6471992
6472144
6472152
6472194
6472371
6472391
6472417
6472419
6472420
6472427
6472437
6475481
6475526
6475742
6475747
6475782
6476006
6479033
6479047
6479063
6479068
6479237
6479240
6479245
6479247
6479250
6479458
6479479
6479490
6479537
6479538
6482392
6482407
6482418
6482420
6482442
6482629
6482636
6482800
6482827
6482838
6482848
6485703
6485706
6485750
6485938
6485965
6486123
6486136
6486211
6488920
6488944
6489118
6489122
6489317
6489328
6491936
6492111
6492122
6492126
6492135
6492139
6492142
6492167
6492329
6492415
6492417
6495130
6495158
6495167
6495319
6495340
6495360
6495584
6495608
6497866
6497890
6497900
6497903
6498020
6498182
6500410
6500431
6500433
6500466
6500629
6500802
6500810
6500813
6500866
6503480
6503486
6503495
6503534
6503535
6503746
6503897
6503913
6503937
6506362
6506388
6506561
6506597
6506748
6506762
6506763
6509008
6509016
6509167
6509315
6509318
6509368
6511649
6511671
6511798
6511977
6511989
6511997
6511999
6512010
6514483
6514485
6514506
6514514
6514694
6514951
6514966
6514977
6515003
6518019
6518024
6518047
6518237
6518274
6521220
6521227
6521232
6521234
6521263
6521608
6521616
6521645
6521654
6524559
6524562
6524571
6524610
6524615
6524623
6524799
6524805
6524808
6524822
6525017
6525052
6525066
6528049
6528051
6528061
6528062
6528086
6528252
6528253
6528277
6528283
6528290
6528313
6528509
6528514
6531135
6531290
6531298
6531302
6531310
6531466
6531510
6534043
6534053
6534064
6534068
6534069
6534094
6534286
6534294
6534480
6534508
6534518
6534536
6534547
6537529
6537542
6537569
6537746
6537813
6540992
6541018
6541238
6541457
6541483
6541506
6544506
6544524
6544731
6544754
6544779
6545009
6545020
6545024
6545039
6545040
6545056
6548077
6548297
6548299
6548486
6548501
6548507
6548524
6548549
6551579
6551783
6551786
6551813
6551820
6552083
6555096
6555112
6555120
6555332
6555338
6555362
6555534
6555535
6558648
6558693
6558700
6558908
6558913
6559122
6559132
6559134
6559155
6559159
6559173
6562332
6562351
6562376
6562566
6562575
6562793
6562841
6562848
6562873
6565872
6565897
6566049
6566050
6566063
6566083
6566116
6566118
6566364
6566391
6569415
6569422
6569434
6569459
6569468
6569618
6569669
6569676
6569677
6569832
6569864
6569866
6569893
6572848
6572893
6573042
6573051
6573062
6573063
6573065
6573093
6573242
6573257
6573302
6576228
6576238
6576240
6576241
6576423
6576430
6576433
6576449
6576457
6576615
6576621
6576672
6579521
6579541
6579673
6579679
6579687
6579700
6579853
6579889
6579893
6582678
6582690
6582714
6582901
6582902
6583138
6583184
6585959
6585988
6585998
6586017
6586243
6586407
6589511
6589528
6589537
6589731
6589934
6589942
6589956
6589961
6592851
6592885
6592892
6593106
6593115
6593120
6593121
6593135
6593138
6593295
6593313
6593332
6593341
6596320
6596476
6596500
6596530
6596695
6596738
6596747
6596749
6596771
6599516
6599520
6599525
6599527
6599535
6599879
6599915
6599926
6602514
6602703
6602849
6602865
6602884
6602902
6602906
6605273
6605444
6605454
6605598
6607746
6607755
6607757
6607908
6608038
6608106
6610296
6610649
6610656
6610678
6610697
6610739
6610740
6613316
6613511
6613517
6613539
6613541
6613545
6613556
6616919
6617113
6617116
6617123
6617142
6617340
6620417
6620602
6620604
6620822
6623723
6623919
6623932
6623936
6623961
6623963
6624142
6624149
6624152
6624169
6627433
6627629
6627657
6630141
6630147
6630154
6630159
6630160
6630303
6630313
6630314
6630340
6630442
6630455
6630463
6630479
6630486
6630496
6632436
6632461
6632622
6632649
6632797
6632813
6632842
6635271
6635272
6635424
6635625
6635630
6635647
6635662
6635668
6638531
6638533
6638735
6638757
6638917
6638974
6641808
6642035
6642256
6642268
6645478
6645527
6645528
6645741
6645748
6645763
6645941
6645957
6645978
6645987
6645991
6646005
6649188
6649351
6649363
6649389
6649635
6649641
6649653
6653063
6653084
6653129
6653280
6653312
6653324
6653350
6653353
6656474
6656479
6656695
6656703
6656922
6656926
6656928
6660293
6660513
6660743
6660755
6660760
6663850
6663868
6663884
6664059
6664100
6664227
6664243
6667059
6667060
6667149
6667164
6667171
6667173
6667327
6667336
6667337
6669927
6669933
6669947
6669948
6670131
6670134
6670144
6670169
6670182
6670383
6670387
6673354
6673547
6673553
6673557
6673587
6673611
6673792
6673802
6677145
6677314
6677333
6677369
6677385
6680057
6680173
6680307
6680308
6680311
6680329
6680345
6682727
6682728
6682762
6682886
6682929
6683052
6683059
6683064
6683096
6683114
6683115
6685917
6685924
6685931
6685933
6686160
6686333
6689377
6689378
6689577
6689603
6689793
6693083
6693086
6693104
6693132
6696039
6696061
6696242
6696259
6696274
6696290
6696418
6696487
6696494
6699678
6699686
6699904
6699907
6703204
6703209
6703374
6703376
6703378
6703392
6703401
6703411
6706262
6706270
6706485
6706521
6706706
6706716
6706735
6706762
6709661
6709671
6709675
6709848
6710037
6713085
6713098
6713254
6713268
6713290
6716422
6716578
6716609
6716615
6716815
6716823
6716827
6716840
6716883
6719992
6720162
6720319
6723304
6723307
6723562
6723722
6726922
6727250
6727280
6727283
6730304
6730502
6730508
6730510
6730671
6730681
6733979
6733990
6733998
6734019
6734163
6734177
6734190
6734193
6734195
6734214
6737264
6737411
6737425
6740325
6740330
6740511
6743576
6743578
6743580
6743603
6743620
6743781
6743799
6743800
6746667
6746675
6746845
6746871
6747010
6747013
6747032
6749838
6749867
6750045
6750049
6750207
6750224
6752998
6753021
6753139
6753142
6753178
6753182
6756031
6756206
6756395
6759198
6762045
6762170
6764693
6764820
6764833
6767532
6767561
6767703
6767728
6767744
6767890
6767891
6767892
6767908
6770266
6770284
6770458
6770461
6770632
6770661
6773696
6773706
6773714
6773718
6773887
6773890
6773911
6774136
6777195
6777200
6777233
6777420
6777440
6780399
6780437
6780444
6780602
6780604
6780640
6780850
6780885
6783930
6783932
6784174
6784175
6786948
6787310
6787352
6787358
6787573
6790453
6790464
6790632
6790849
6790868
6794126
6794161
6794363
6794402
6797262
6797286
6797474
6797479
6797487
6797511
6797715
6800286
6800457
6800615
6800640
6803032
6803037
6803038
6803042
6803060
6803216
6805872
6805874
6806056
6806253
6806272
6806274
6806275
6806285
6806291
6806293
6808703
6808716
6808877
6808888
6808900
6808925
6809104
6811784
6811993
6812001
6812026
6814978
6814984
6814987
6815163
6815171
6818200
6818204
6818227
6818231
6818233
6818649
6818666
6821505
6821728
6821747
6821779
6821962
6821968
6821986
6821998
6822004
6824772
6824795
6824972
6825001
6825014
6825016
6825020
6825228
6827936
6827940
6827945
6828097
6828126
6828136
6828142
6828146
6828306
6828313
6830894
6831081
6833249
6833255
6833262
6835373
6835381
6835399
6835537
6835548
6835737
6835746
6835752
6838253
6838450
6838452
6838467
6838482
6841171
6841345
6841366
6841560
6844004
6844179
6844334
6844347
6844354
6846670
6846813
6846820
6849399
6849410
6849426
6849611
6849615
6849653
6849661
6852310
6852328
6852685
6852699
6852712
6852720
6855494
6855495
6855546
6855697
6855711
6855736
6858232
6858385
6858397
6858579
6858585
6858593
6858629
6858653
6861213
6861423
6861428
6861436
6861437
6864056
6864073
6864232
6864244
6867020
6867028
6867211
6867235
6869607
6869766
6869973
6869976
6872738
6875569
6875781
6878375
6878388
6878521
6878712
6878714
6881536
6881555
6884785
6884798
6884809
6884814
6887472
6887498
6887876
6887892
6887904
6887905
6890559
6890565
6890716
6890717
6890738
6890911
6890915
6890933
6890934
6890943
6890954
6893634
6893639
6893666
6893847
6894039
6894053
6896870
6896877
6896879
6896886
6897040
6897043
6897044
6897054
6897058
6897214
6900196
6900204
6900220
6902733
6902745
6902882
6902885
6902889
6902909
6902914
6902916
6902932
6903078
6903133
6905674
6905679
6905704
6905708
6905869
6906043
6906061
6906101
6908757
6908939
6911211
6911221
6911310
6911316
6911334
6911441
6913751
6913881
6913918
6916608
6916625
6916635
6916641
6916651
6916809
6916812
6916820
6916825
6916837
6916841
6919070
6919075
6919197
6919326
6921540
6921750
6921776
6923961
6924121
6924124
6924144
6924146
6924284
6926892
6926894
6926901
6927227
6929947
6930088
6930091
6932964
6932972
6933130
6933315
6936240
6936242
6936250
6936257
6936287
6936429
6936458
6936587
6936628
6939562
6941317
6942837
6942851
6942966
6942989
6943150
6943193
6946459
6946467
6946488
6946489
6949244
6949262
6949339
6949351
6949368
6949369
6949551
6949555
6951649
6951653
6951712
6951716
6951839
6951853
6951862
6951865
6953664
6953777
6953794
6955788
6955824
6955826
6958162
6958164
6958228
6960352
6960439
6960570
6960586
6960614
6962720
6962774
6962779
6962904
6962906
6962920
6962936
6964764
6964775
6964784
6964946
6964953
6964955
6964960
6967024
6967034
6967203
6969584
6969589
6969710
6972172
6972173
6972197
6974682
6974819
6974827
6974833
6977140
6977272
6979539
6979670
6979683
6982090
6984394
6984404
6984500
6984649
6984652
6986898
6987129
6989261
6989263
6989264
6991789
6991801
6991906
6992099
6994852
6994871
6994958
6995168
6995190
6998109
6998113
6998398
6998407
6998410
7001597
7001742
7001743
7001905
7005139
7005285
7005441
7008766
7008928
7008936
7011854
7011947
7011952
7012071
7012098
7014842
7014847
7014848
7014853
7014872
7015021
7015027
7015190
7015233
7015250
7018609
7018630
7018635
7018642
7018823
7019013
7019015
7019025
7019030
7019033
7022325
7022339
7022499
7022698
7022710
7022734
7026147
7026294
7026324
7026334
7026360
7029685
7029847
7029880
7029907
7030082
7030088
7030106
7030113
7030135
7030156
7033571
7033608
7033758
7033768
7033815
7034003
7034020
7037498
7037503
7037512
7037513
7037524
7037693
7037906
7037913
7037923
7041278
7041279
7041304
7041318
7041458
7041463
7041464
7041478
7041639
7041655
7041698
7041706
7045130
7045136
7045145
7045282
7045297
7045325
7045498
7045516
7045528
7045548
7049071
7049130
7049136
7049137
7049298
7049308
7049322
7052677
7052684
7052686
7052701
7052852
7052894
7052897
7053062
7053091
7056520
7056534
7058658
7060250
7060262
7060476
7060489
7060498
7060678
7060696
7060728
7063846
7063855
7063955
7063975
7064114
7064123
7064145
7067113
7067115
7067125
7067141
7067279
7067303
7067304
7067315
7070773
7070782
7070918
7070976
7070983
7071185
7071197
7071217
7074390
7074424
7074763
7074765
7074767
7074780
7074783
7074784
7074791
7074818
7078014
7078020
7078044
7078048
7078053
7078376
7078402
7078418
7078420
7081340
7081442
7083787
7083957
7083960
7083972
7084158
7087224
7087601
7087635
7090857
7090971
7090991
7091194
7091217
7091234
7094402
7094411
7094569
7094769
7097832
7097857
7097862
7097865
7098008
7098030
7098228
7101547
7101553
7101562
7101838
7101851
7101869
7105295
7105306
7105309
7105341
7105345
7105498
7105532
7105533
7105576
7108977
7108993
7109034
7109173
7109196
7109206
7109218
7112566
7112590
7115256
7115261
7115372
7115406
7115568
7115582
7115659
7118864
7118892
7118897
7119092
7122320
7122339
7125554
7125672
7125862
7125875
7128913
7129044
7129073
7129218
7129221
7129228
7129245
7129264
7129265
7132265
7132268
7132277
7132288
7132403
7132448
7135199
7135312
7135329
7135331
7138105
7138250
7138277
7138372
7138395
7141395
7141544
7144569
7144584
7144587
7144714
7144884
7144918
7147839
7148003
7148015
7148020
7148240
7151084
7153681
7153850
7153875
7157082
7157253
7157275
7157456
7157472
7157473
7157485
7160540
7160552
7160557
7160679
7160871
7160903
7163703
7163789
7163917
7163921
7163926
7166284
7166430
7166437
7166447
7166456
7166626
7169377
7169412
7169564
7169572
7169580
7169583
7169754
7169818
7172876
7173008
7173026
7173049
7176000
7176003
7176005
7176016
7176201
7176210
7179451
7179456
7179484
7179488
7179804
7179806
7182953
7183051
7183056
7183078
7183096
7183263
7183309
7186416
7186512
7186534
7186731
7186746
7189514
7189700
7189737
7192571
7192598
7192604
7192729
7192748
7192917
7192944
7192959
7195755
7195768
7196084
7196119
7198910
7198922
7198923
7199121
7199156
7201898
7201917
7202037
7202045
7204975
7204989
7205000
7205101
7205130
7205134
7205276
7205295
7205304
7208150
7208157
7208266
7208275
7208283
7208287
7208471
7208513
7211243
7211253
7211279
7211394
7211582
7211601
7214389
7214392
7214491
7214533
7214699
7217550
7217704
7217712
7217715
7217735
7220583
7220757
7220769
7223539
7223578
7223725
7223731
7223735
7223757
7223766
7223770
7226582
7226595
7226744
7226759
7226905
7229775
7229778
7229807
7229961
7229980
7232569
7232663
7232828
7235229
7235237
7235256
7235362
7235363
7235558
7235573
7238344
7238349
7238671
7238680
7238698
7238703
7241441
7241570
7241586
7241759
7241790
7241813
7244452
7244559
7244575
7244604
7244712
7244752
7247302
7247325
7247427
7247461
7247477
7247633
7250153
7250155
7250167
7250408
7252841
7252950
7253163
7253172
7253187
7253196
7255851
7255994
7256010
7256024
7256033
7258986
7258988
7258990
7259144
7261900
7261902
7261905
7261907
7262038
7262190
7262192
7262195
7262211
7264957
7265099
7265106
7267984
7268123
7268131
7268133
7268159
7270814
7270824
7270985
7270992
7271156
7271161
7273603
7273612
7273702
7273739
7273743
7273756
7273757
7273850
7273851
7273862
7273867
7273869
7276338
7276349
7276350
7276493
7276499
7276506
7279274
7279308
7279310
7279462
7279501
7282214
7282222
7282345
7282357
7282507
7285269
7285291
7285390
7285394
7285404
7288258
7288375
7288563
7291454
7291464
7291466
7291648
7294494
7294495
7294509
7294619
7294637
7297339
7297343
7297492
7297533
7297687
7300769
7300780
7300927
7300955
7303880
7303907
7303914
7304061
7306787
7306933
7309502
7309601
7312030
7312200
7314716
7314755
7314758
7314872
7316924
7316999
7317012
7317017
7317019
7317040
7319005
7320787
7320793
7320797
7320805
7320873
7320875
7320974
7320993
7323162
7323165
7326412
7326551
7326683
7326686
7329413
7332280
7332310
7332325
7332524
7335482
7335487
7335501
7335675
7338657
7338671
7338762
7338765
7338771
7338781
7338788
7338800
7338964
7338978
7341858
7342039
7342040
7342044
7344704
7344720
7344726
7344849
7344869
7345051
7345056
7345058
7345065
7348009
7348031
7348321
7348332
7348346
7351410
7351541
7351575
7351686
7351703
7351733
7351742
7351744
7351745
7354737
7354738
7354760
7354895
7354926
7354954
7358088
7358238
7358250
7358270
7361343
7361359
7361666
7364724
7364728
7364733
7364734
7364743
7364851
7365075
7365083
7368101
7368107
7368114
7368436
7368468
7371372
7371385
7371418
7371522
7371527
7371550
7371726
7371764
7371769
7371773
7374744
7374881
7374890
7374923
7374937
7375100
7375123
7375124
7375134
7378270
7378402
7378413
7381419
7381525
7381727
7381734
7381748
7384631
7384634
7384758
7384763
7384779
7384787
7384937
7384949
7384975
7384978
7387786
7388004
7390482
7390802
7390830
7393525
7393547
7393635
7393654
7393670
7393859
7396821
7396860
7399468
7399761
7399771
7399782
7402412
7402421
7402425
7402435
7402605
7404973
7405044
7405061
7405070
7405075
7405197
7405221
7407475
7407761
7407763
7407795
7407929
7407954
7407960
7410648
7410753
7410766
7410767
7410787
7410800
7410962
7410964
7410983
7413745
7413753
7413882
7413889
7413890
7413898
7413903
7414039
7416746
7417044
7419658
7419672
7419812
7419994
7422854
7422871
7422876
7422882
7422901
7425342
7425574
7427413
7427416
7427471
7427473
7427633
7429576
7429609
7431922
7431933
7432067
7432077
7432103
7432260
7432274
7432286
7435426
7435549
7435582
7435584
7435719
7439250
7439253
7442380
7442381
7442384
7442511
7442519
7442539
7442551
7442708
7445898
7445904
7445926
7446107
7446111
7446113
7446122
7449182
7449202
7449446
7449452
7449491
7449492
7452543
7452699
7452859
7452860
7452915
7456149
7456151
7456181
7456200
7456202
7456208
7459144
7459155
7459168
7459289
7462349
7462356
7462453
7462461
7462477
7462593
7462620
7465464
7465537
7465723
7465727
7465731
7468178
7468365
7470432
7470442
7470506
7470664
7470713
7470720
7473429
7473696
7473711
7476403
7476507
7476519
7476650
7476664
7476665
7479275
7479368
7479371
7479478
7479489
7479501
7482121
7482381
7485312
7485317
7485448
7485618
7485643
7485658
7488469
7488493
7488585
7488732
7491490
7491493
7491530
7491538
7491697
7491740
7494656
7494771
7494813
7494969
7498041
7498141
7498320
7498327
7498338
7501123
7501277
7501431
7501451
7504203
7504222
7504246
7504248
7504389
7504396
7507401
7507417
7507420
7507533
7507554
7507559
7507564
7507580
7507716
7507749
7510710
7510718
7510838
7511048
7511053
7511073
7514086
7514094
7514228
7514404
7514408
7514413
7514466
7514471
7517532
7517535
7517663
7517666
7517878
7517883
7517907
7521045
7521064
7521238
7524486
7524657
7524678
7527925
7527959
7527964
7528110
7528166
7531173
7531190
7531193
7531196
7531501
7531564
7531571
7531572
7534443
7534607
7534611
7534762
7534791
7534800
7537781
7537785
7537790
7537916
7537920
7538084
7538096
7538098
7538106
7538113
7538120
7541024
7541152
7541171
7541175
7541378
7544469
7544503
7544668
7544677
7547704
7547707
7550136
7550276
7550426
7550439
7550457
7550476
7550498
7553495
7553630
7553821
7553833
7553871
7556802
7556804
7556818
7560100
7560103
7560123
7560428
7563436
7563587
7563763
7563820
7566532
7566538
7566547
7566552
7566557
7566736
7569221
7569541
7569558
7569565
7572441
7572444
7572622
7572629
7575742
7575743
7575751
7575904
7576069
7576112
7576133
7579015
7579153
7579333
7579342
7579379
7582283
7582318
7582419
7582422
7582632
7585617
7585843
7585869
7585895
7588769
7588918
7589056
7589095
7589100
7589101
7592003
7592170
7592311
7592325
7592349
7592365
7595039
7595158
7595165
7595192
7595337
7597895
7598058
7598080
7598260
7598276
7601342
7601364
7601503
7601699
7601712
7604813
7604950
7604953
7604966
7605119
7605126
7605128
7605141
7605172
7605183
7608261
7608280
7608408
7608415
7608422
7608425
7608609
7608635
7611701
7611711
7611739
7612056
7615214
7615237
7615351
7618623
7618627
7618642
7618657
7618819
7618975
7618976
7618984
7622262
7622264
7622298
7625550
7625738
7625862
7625864
7625873
7625914
7625939
7628991
7629132
7629155
7629332
7632492
7632501
7632649
7632668
7632676
7632825
7632834
7632869
7635567
7635581
7638481
7638487
7638525
7638528
7642073
7642079
7642089
7642231
7642245
7642251
7645454
7645578
7645584
7645594
7645736
7645743
7645793
7645799
7648716
7648962
7648969
7648984
7649003
7651840
7651854
7652039
7652040
7655240
7655250
7655402
7655404
7655463
7655469
7655618
7655668
7655669
7655687
7659077
7659117
7659256
7659263
7659264
7659279
7659285
7659299
7659309
7662363
7662369
7662552
7662555
7662590
7662608
7662803
7662846
7662848
7666448
7666637
7666646
7666834
7666862
7666865
7670600
7670793
7670830
7671013
7671023
7671081
7671095
7674594
7678379
7678538
7678545
7678789
7678790
7678813
7678830
7682618
7682621
7682819
7682825
7683033
7683038
7687089
7687244
7687263
7687489
7687513
7687514
7687545
7691385
7691411
7691421
7691812
7691828
7691886
7695729
7695922
7695936
7695944
7695949
7695966
7696152
7696197
7696199
7696224
7696241
7696250
7700103
7700298
7700307
7700309
7700541
7700568
7700595
7700597
7700659
7704498
7704499
7704696
7704697
7704726
7704727
7704943
7705028
7705038
7705039
7705040
7705050
7708999
7709196
7709200
7709227
7709481
7709502
7713535
7713541
7713547
7713693
7713724
7713949
7713961
7718361
7718370
7718624
7718683
7723037
7723320
7723350
7723361
7723369
7723387
7727529
7727556
7727561
7727718
7727764
7727957
7727971
7728043
7731959
7731978
7731988
7731993
7732194
7732199
7732201
7732405
7732425
7732472
7732482
7732484
7736656
7736661
7736679
7736891
7736894
7737166
7740845
7741092
7741104
7741109
7741286
7741331
7741348
7744851
7744897
7744924
7744934
7745157
7745402
7745487
7749513
7749697
7749703
7749705
7749710
7749971
7749982
7750016
7750052
7754217
7754431
7754443
7754445
7754475
7754706
7754713
7754714
7754715
7754737
7754751
7754756
7758877
7758889
7758897
7758898
7759054
7759055
7759078
7759092
7759104
7759319
7759324
7759341
7759362
7759387
7759391
7763275
7763446
7763453
7763463
7763587
7763614
7763646
7767234
7767391
7767421
7767436
7767439
7767641
7767659
7767671
7767719
7771728
7771931
7771953
7771981
7771994
7772002
7772264
7772269
7772272
7772283
7776354
7776362
7776537
7776830
7776847
7776866
7776902
7776913
7780963
7781171
7781183
7781399
7781405
7781412
7781434
7781446
7781453
7785570
7785576
7785584
7785596
7785639
7785774
7785865
7785884
7785888
7786081
7786104
7786138
7786169
7786170
7790141
7790185
7790187
7790203
7790375
7790408
7790432
7790714
7794694
7794730
7794739
7794746
7794932
7794963
7795005
7795027
7795213
7795237
7795264
7799334
7799336
7799343
7799550
7799793
7799833
7803361
7803403
7803544
7803559
7803583
7803770
7803779
7803834
7803841
7807136
7807175
7807360
7807374
7807390
7807414
7807440
7807639
7807653
7807657
7807663
7807664
7807682
7807698
7811548
7811553
7811610
7811751
7811807
7811997
7812016
7812021
7815898
7815900
7815911
7816089
7816131
7816322
7816342
7816349
7816351
7816354
7816400
7816406
7820155
7820157
7820159
7820198
7820639
7820643
7820675
7820715
7824854
7824865
7824874
7824910
7825100
7825111
7825156
7829083
7829086
7829283
7829293
7829336
7833518
7833523
7833701
7833702
7833745
7833962
7833965
7833974
7833989
7834012
7834024
7834033
7834036
7834045
7837998
7838037
7838050
7842297
7842463
7842501
7842675
7842686
7842725
7846428
7846436
7846457
7846676
7846904
7846926
7846953
7850964
7850987
7851156
7851460
7851466
7854924
7854941
7855063
7855066
7855197
7858095
7858109
7858117
7858591
7858601
7858626
7858654
7862799
7862835
7863014
7863015
7863028
7863037
7863042
7863043
7863046
7863257
7863311
7863315
7867504
7867728
7867745
7867977
7867989
7868006
7868008
7868014
7868028
7871625
7871626
7871647
7871784
7871988
7872008
7872010
7872031
7872033
7872039
7875277
7875286
7875287
7875440
7875596
7879578
7879590
7879873
7883691
7883700
7883719
7883726
7884076
7884089
7884090
7884102
7884124
7887807
7887840
7887842
7887847
7887855
7887861
7888008
7888021
7888109
7888312
7888313
7888352
7892535
7892555
7892571
7892732
7892759
7892785
7892813
7892819
7892825
7893082
7893089
7893092
7897167
7897180
7897326
7897335
7897343
7897357
7897383
7897388
7897566
7897641
7901694
7901702
7901906
7902222
7902232
7902254
7906111
7906112
7906114
7906135
7906284
7906289
7906299
7906312
7906487
7910088
7910101
7910116
7910125
7910317
7910328
7910367
7910543
7910558
7910606
7914774
7914999
7915029
7915240
7915241
7915270
7915271
7915283
7915290
7915292
7915305
7919125
7919232
7919238
7919252
7919263
7919461
7919463
7919481
7919494
7919504
7919517
7923208
7923215
7923250
7927601
7927610
7927800
7927812
7927828
7927857
7928075
7928078
7928085
7932023
7932026
7932029
7932062
7932243
7932294
7935337
7935506
7935513
7935523
7939062
7939071
7939103
7939106
7939248
7939293
7939307
7939514
7939519
7939526
7943130
7943170
7943180
7943337
7943353
7943355
7943378
7943620
7943663
7947310
7947659
7947692
7947704
7947719
7947723
7947726
7951380
7951386
7951391
7951397
7951406
7951528
7951564
7951791
7951794
7951815
7951839
7955590
7955608
7955621
7955821
7955846
7955852
7956053
7956078
7959913
7960106
7960116
7960124
7960140
7960158
7960161
7960367
7960406
7964191
7964197
7964353
7964377
7964392
7964404
7964555
7964615
7964622
7968102
7968280
7968303
7968318
7968511
7968563
7968572
7972610
7972809
7972834
7973032
7973041
7976852
7976867
7976870
7977043
7977057
7977338
7977351
7977385
7981443
7981448
7981625
7981633
7981634
7981646
7981650
7981656
7981671
7981894
7981920
7981932
7985413
7985431
7985435
7985751
7988953
7988959
7988963
7989003
7989177
7989178
7989494
7993625
7993627
7993640
7993663
7993683
7993840
7993851
7993872
7993905
7994127
7994137
7994169
7994225
7998460
7998484
7998666
7998670
7998675
7998703
7998937
8003094
8003135
8003313
8003317
8003334
8003357
8003626
8003644
8003658
8003659
8003682
8007771
8007791
8007821
8007995
8008024
8008075
8008303
8008327
8012460
8012468
8012505
8012683
8012724
8012731
8012949
8012956
8017102
8017135
8017140
8017314
8017322
8017345
8017353
8017360
8017363
8017364
8017388
8017582
8017599
8017635
8017646
8021660
8021688
8021835
8021876
8025875
8025885
8025893
8025907
8026072
8026084
8026093
8026259
8026277
8030029
8030297
8030305
8030356
8030359
8034327
8034337
8034603
8034607
8034799
8035016
8039006
8039220
8039246
8039439
8039458
8039503
8043818
8043826
8043841
8044022
8044036
8044047
8044074
8048405
8048448
8048457
8048665
8048667
8052961
8052987
8053208
8053231
8053450
8053456
8053460
8053474
8057991
8058046
8058228
8058231
8058265
8058271
8062626
8062668
8062840
8062889
8063023
8063048
8063061
8063073
8063099
8063100
8067021
8067037
8067170
8071084
8071120
8071302
8071309
8071337
8071343
8071367
8071374
8071539
8071570
8071599
8075917
8075931
8076075
8076104
8076112
8076120
8076299
8076303
8076320
8076325
8076337
8076341
8076347
8076375
8080235
8080262
8080551
8080576
8080582
8084054
8084063
8084223
8084414
8084419
8084440
8088369
8088578
8088755
8088789
8088818
8092799
8092844
8093206
8093236
8093289
8097278
8097283
8097404
8097426
8097455
8097586
8097597
8097629
8097635
8097645
8101157
8101172
8101371
8101595
8101639
8101646
8101657
8101658
8101662
8105576
8105589
8105614
8106041
8106054
8106076
8110185
8110199
8110207
8110351
8110356
8110361
8110378
8110398
8110399
8110541
8110587
8110600
8114398
8114408
8114665
8114843
8114854
8114856
8119155
8119343
8119386
8119602
8119647
8119648
8119665
8124078
8124080
8124128
8124367
8124378
8124408
8124611
8124644
8128907
8128926
8129119
8129126
8129127
8129137
8129175
8129354
8129372
8129390
8129431
8129434
8133502
8133723
8133918
8137660
8137676
8137687
8137704
8138168
8138196
8138214
8142802
8142815
8143005
8143049
8143052
8143279
8143281
8143282
8143288
8147820
8147825
8147844
8147863
8147873
8147877
8148104
8148118
8148326
8148337
8148360
8148384
8148410
8153104
8153114
8153116
8153136
8153156
8153362
8153376
8153383
8153405
8153428
8153431
8153432
8153605
8153616
8153693
8158124
8158168
8158170
8158378
8158419
8158587
8158592
8158597
8158612
8158625
8158636
8158645
8158650
8158681
8163276
8163277
8163501
8163528
8163725
8163734
8163755
8168177
8168184
8168196
8168209
8168235
8168236
8168240
8168389
8168401
8168413
8168626
8168630
8168653
8168656
8168662
8173118
8173144
8173369
8173370
8173408
8173415
8173418
8173598
8173610
8173674
8178125
8178137
8178303
8178311
8178315
8178321
8178333
8178515
8178533
8178563
8182798
8183008
8183012
8183014
8183033
8183215
8183276
8183292
8187582
8187605
8187617
8187618
8187636
8187811
8187851
8187853
8188062
8188093
8188146
8188148
8192723
8192728
8192926
8192947
8192963
8192984
8193170
8193173
8193247
8197854
8197869
8198031
8198036
8198062
8198085
8198232
8198258
8198276
8198304
8198311
8198321
8202511
8202512
8202520
8202524
8202543
8202875
8202888
8202890
8202900
8206715
8206964
8207144
8207153
8207164
8211427
8211430
8211442
8211655
8211694
8211883
8211894
8211936
8216563
8216570
8216588
8216612
8216799
8216806
8216830
8217020
8217026
8221724
8221764
8221784
8221787
8221806
8221998
8222214
8222287
8226930
8226944
8227198
8227206
8227223
8227435
8227440
8231869
8231890
8232076
8232097
8232100
8232254
8232260
8232276
8236305
8236314
8236321
8236335
8236352
8236505
8236507
8236518
8236533
8236559
8236798
8241675
8241890
8241909
8242102
8242134
8242137
8242164
8242171
8242173
8242177
8246931
8246941
8246955
8246963
8246997
8247199
8247217
8247407
8252269
8252275
8252315
8252318
8252325
8252551
8252579
8252764
8252770
8252839
8257680
8257688
8257700
8257701
8257725
8257929
8257964
8258105
8258131
8258134
8258167
8263062
8263065
8263071
8263082
8263089
8263092
8263104
8263109
8263361
8263392
8263393
8263394
8263395
8263608
8263609
8263610
8263611
8263613
8263622
8263646
8268314
8268328
8268343
8268344
8268355
8268598
8268605
8268786
8268822
8273330
8273532
8273741
8273746
8277833
8277837
8277854
8278037
8278292
8278299
8278308
8278337
8278358
8282931
8282954
8282958
8283137
8287847
8287861
8287871
8287877
8287878
8288146
8288378
8288390
8288414
8288420
8288432
8293213
8293231
8293238
8293247
8293251
8293264
8293474
8293724
8293729
8293765
8293768
8293793
8298757
8298819
8299035
8299041
8299059
8299095
8299128
8303947
8303979
8303997
8304001
8304203
8304405
8304415
8304429
8304434
8304440
8304450
8309067
8309072
8309084
8309543
8309551
8309597
8309602
8313748
8313768
8313896
8314092
8314121
8314131
8314141
8318159
8318196
8318206
8318220
8318413
8318414
8318423
8318691
8318698
8318707
8318710
8318728
8318779
8318800
8323615
8323664
8323667
8323693
8323694
8323917
8323970
8324164
8324193
8324200
8324240
8324274
8329144
8329191
8329229
8329400
8329406
8329413
8329457
8329464
8329673
8329710
8329738
8329745
8334098
8334107
8334125
8334269
8334270
8334277
8334281
8334307
8334318
8337811
8337831
8337834
8337835
8337838
8337867
8337886
8337900
8338146
8338153
8338178
8338365
8338381
8338412
8338416
8338428
8338477
8343527
8343544
8343744
8343954
8343989
8343996
8344022
8344032
8349296
8349314
8349359
8349575
8349585
8349810
8349845
8349866
8349876
8354106
8354389
8354414
8354450
8357376
8357503
8357512
8357717
8361465
8361469
8361485
8361510
8361735
8361764
8362014
8362052
8367057
8367093
8367094
8367102
8367354
8367406
8367626
8367642
8367665
8367700
8367702
8367723
8367726
8372390
8372407
8372447
8372582
8372597
8372810
8372835
8372847
8372861
8377427
8377455
8377484
8377644
8377675
8377866
8377876
8377888
8377908
8377909
8377924
8383086
8383136
8383166
8383344
8383355
8383367
8383623
8383658
8388964
8389020
8389211
8389240
8389283
8389470
8389504
8389506
8389544
8389553
8394392
8394399
8394427
8394829
8394857
8398957
8398983
8399021
8399031
8399194
8399208
8399222
8399411
8399424
8399451
8399478
8399489
8399497
8399506
8404213
8404223
8404284
8404439
8404445
8404641
8404710
8404717
8404721
8404722
8404733
8409592
8409608
8409821
8409823
8409836
8410113
8410162
8410171
8414912
8414936
8415138
8415346
8415360
8415362
8420050
8420104
8420118
8420126
8420334
8420345
8420360
8420361
8420387
8420626
8420630
8425877
8425894
8425919
8425928
8425933
8425952
8426125
8426146
8426155
8426162
8426170
8426186
8426358
8426420
8426454
8426456
8431113
8431343
8431357
8431602
8435509
8435519
8435562
8435729
8435739
8435772
8435778
8435955
8435962
8436001
8436011
8436016
8440180
8440198
8440231
8440390
8440397
8440638
8440709
8444966
8445005
8445007
8445027
8445203
8445219
8445262
8445528
8445529
8445538
8449887
8449889
8449890
8449894
8449908
8449915
8449929
8450056
8450057
8450083
8450087
8450094
8450098
8450106
8450279
8450293
8450301
8450324
8450342
8450379
8454936
8455004
8455016
8455225
8455432
8455542
8460665
8460866
8461126
8461152
8461199
8461203
8461211
8465725
8465726
8465766
8465775
8465912
8465915
8465923
8466110
8466142
8466156
8466173
8470306
8470312
8470345
8470362
8470568
8470590
8470593
8470778
8470784
8470868
8475770
8475782
8475790
8476257
8476274
8476318
8481028
8481050
8481075
8481078
8481094
8481095
8481258
8481292
8481586
8481599
8486384
8486401
8486404
8486644
8486697
8486926
8486967
8486999
8487002
8491922
8491938
8492080
8492386
8492395
8496926
8496975
8497086
8497102
8497252
8497264
8497265
8501171
8501188
8501192
8501207
8501219
8501238
8501420
8501431
8501456
8501460
8501684
8501701
8501723
8501724
8501729
8501732
8501756
8501762
8506997
8507001
8507016
8507200
8507250
8507274
8507544
8512695
8512716
8512728
8512745
8512769
8512973
8513199
8513236
8513259
8513289
8518410
8518636
8518899
8518945
8518984
8524212
8524245
8524258
8524264
8524270
8524489
8524491
8524676
8524694
8524705
8524767
8524781
8529892
8529932
8529968
8530149
8530185
8530235
8530411
8530439
8530440
8530455
8530462
8530481
8535655
8535662
8535683
8535693
8535712
8535740
8535887
8535913
8535916
8535930
8535941
8536128
8536153
8536189
8536191
8536204
8540972
8540986
8541004
8541009
8541013
8541025
8541177
8541186
8541206
8541216
8541237
8541365
8541432
8541446
8545843
8545862
8546122
8546124
8546344
8546352
8546405
8546407
8551456
8551508
8551512
8551541
8551717
8551760
8551773
8551937
8551979
8552022
8557229
8557291
8557302
8557526
8557568
8557775
8557779
8557825
8563003
8563032
8563246
8563311
8563606
8563611
8568696
8568775
8568976
8569053
8569060
8569270
8569298
8569306
8569333
8569346
8569349
8574589
8574624
8574842
8574869
8574874
8574883
8574907
8574910
8575134
8575140
8580279
8580291
8580504
8580526
8580545
8580556
8580730
8580733
8580832
8580854
8586026
8586028
8586102
8586354
8586529
8586570
8586583
8586586
8586590
8586591
8586604
8586608
8586627
8591915
8591920
8591937
8592164
8592169
8592191
8592192
8592194
8592212
8592385
8592401
8592406
8592465
8592471
8597625
8597638
8597665
8597895
8597919
8597944
8598134
8598193
8598195
8598198
8603436
8603439
8603441
8603480
8603508
8603524
8603740
8603780
8603797
8603820
8603971
8603972
8603977
8603980
8604011
8604015
8604028
8604050
8609069
8609366
8609420
8609622
8609625
8609669
8609684
8613906
8613907
8614076
8614081
8614180
8614249
8617516
8617541
8617577
8617611
8617845
8617881
8617884
8617885
8618066
8618088
8618149
8618156
8623331
8623346
8623594
8623617
8623824
8623835
8623843
8623847
8628764
8628772
8628793
8628796
8628917
8628924
8628941
8628961
8629157
8629168
8632754
8632791
8632795
8632808
8632997
8633207
8633247
8636988
8637018
8637028
8637075
8637238
8637246
8637255
8637283
8637316
8637465
8637500
8637503
8637508
8637510
8637511
8637560
8637572
8642028
8642070
8642305
8642601
8642627
8642646
8642658
8642663
8647604
8647616
8647625
8647655
8647678
8647818
8647829
8647835
8647844
8648040
8648049
8648090
8652462
8652480
8652489
8652533
8652778
8652830
8653064
8653065
8653078
8658153
8658183
8658191
8658201
8658369
8658372
8658597
8658624
8658641
8658663
8658702
8663614
8663662
8663668
8663686
8663694
8663711
8663713
8663909
8663984
8664189
8664250
8664273
8664277
8668908
8669071
8669102
8669241
8669244
8669253
8669255
8673287
8673288
8673311
8673370
8673551
8673562
8673612
8673854
8673878
8673885
8673936
8673967
8673984
8679479
8679495
8679532
8679552
8679744
8679810
8679819
8679823
8679826
8680043
8680067
8680068
8680086
8680153
8680156
8685368
8685442
8685453
8685637
8685650
8685737
8685923
8685938
8685944
8685946
8685967
8685976
8685980
8686003
8686025
8686030
8686049
8691200
8691212
8691218
8691506
8691545
8691572
8691573
8691771
8691789
8691824
8691845
8697048
8697055
8697102
8697146
8697350
8697363
8697383
8697412
8697419
8697664
8697666
8697673
8697719
8697727
8703134
8703154
8703433
8703435
8703463
8703466
8703724
8703734
8703744
8703745
8703753
8703808
8709388
8709443
8709492
8709751
8709756
8709764
8709776
8709807
8710026
8710034
8710038
8710048
8710060
8710079
8715653
8715679
8715751
8715752
8715955
8715999
8716000
8716007
8716023
8716217
8716264
8716315
8716325
8722049
8722072
8722087
8722096
8722107
8722115
8722330
8722348
8722355
8722376
8722386
8722390
8722393
8722395
8722651
8722659
8722671
8722687
8722700
8722740
8728440
8728733
8728764
8728765
8728767
8728773
8728803
8729014
8729015
8729048
8729102
8729113
8729121
8734766
8734814
8734815
8734838
8734848
8735099
8735127
8735151
8735355
8735367
8735374
8735382
8735435
8735449
8741269
8741302
8741325
8741338
8741354
8741561
8741566
8741580
8741582
8741585
8741593
8741605
8741609
8741619
8741890
8747824
8747827
8747841
8747861
8748101
8748118
8748119
8748123
8748134
8748443
8748451
8753630
8753639
8753683
8753684
8753816
8753838
8753856
8753868
8753872
8754055
8758723
8758767
8758775
8758784
8758803
8758805
8758817
8758828
8759007
8759032
8759054
8759059
8759060
8759068
8759077
8759102
8759316
8759346
8759396
8765148
8765179
8765435
8765437
8765460
8765462
8765467
8765701
8765755
8765810
8765815
8771646
8771687
8771702
8771723
8771724
8771977
8772268
8772281
8772283
8772300
8772308
8772321
8772330
8778299
8778318
8778342
8778608
8778622
8778628
8778645
8778647
8778648
8778661
8778678
8778681
8778901
8778937
8778986
8778992
8784817
8784833
8784835
8784857
8784859
8784861
8784875
8784883
8785168
8785407
8785500
8790686
8790709
8790714
8790715
8790875
8790877
8790905
8791083
8791115
8791134
8791154
8795639
8795670
8795679
8795705
8795713
8795972
8795978
8795979
8795980
8796002
8796220
8796237
8796277
8796309
8796339
8802053
8802071
8802087
8802106
8802115
8802128
8802160
8802382
8802433
8802438
8802672
8802680
8802701
8808678
8808726
8808731
8808747
8808749
8808764
8809041
8809295
8809315
8809321
8809332
8809379
8815213
8815265
8815272
8815279
8815286
8815302
8815521
8815523
8815568
8815573
8815813
8815816
8815893
8815914
8815923
8815936
8815954
8821840
8821883
8821909
8821926
8822159
8822183
8822220
8822501
8822503
8822506
8822509
8822525
8828375
8828387
8828392
8828407
8828429
8828446
8828449
8828653
8828662
8828678
8828702
8828718
8828962
8828989
8834852
8834855
8834910
8834941
8835405
8835444
8835465
8840907
8841124
8841273
8841285
8841314
8841316
8846031
8846046
8846048
8846051
8846081
8846082
8846086
8846342
8846343
8846350
8846383
8846654
8846667
8846683
8852558
8852585
8852608
8852638
8852867
8852879
8852887
8852928
8853171
8853221
8853255
8858923
8858931
8858973
8858984
8858997
8859014
8859206
8859251
8859489
8859514
8859521
8859581
8859590
8865130
8865213
8865458
8865705
8865765
8865774
8871212
8871262
8871268
8871476
8871501
8871710
8871776
8877159
8877172
8877185
8877231
8877232
8877241
8877249
8877253
8877441
8877486
8877728
8877750
8877770
8877819
8883132
8883193
8883207
8883210
8883425
8883497
8883716
8883732
8883750
8883791
8883798
8889103
8889120
8889164
8889348
8889351
8889372
8889380
8889413
8889628
8889630
8889650
8889669
8889688
8889700
8889712
8889730
8889740
8895031
8895033
8895263
8895264
8895556
8895569
8895597
8895618
8900551
8900610
8900646
8900810
8900812
8900816
8900846
8901084
8901092
8901118
8901123
8901137
8901156
8906400
8906602
8906628
8906641
8906654
8906672
8906849
8906859
8906878
8906886
8906893
8906922
8906935
8906964
8911710
8911789
8911943
8911948
8911954
8912189
8912222
8916152
8916170
8916349
8916518
8916550
8916553
8916610
8920783
8921045
8921053
8921093
8921340
8921357
8921399
8921418
8926947
8926949
8926961
8926976
8927024
8927203
8927549
8927567
8932571
8932572
8932630
8932640
8932645
8932653
8932815
8932833
8933055
8933070
8933072
8933084
8933091
8936786
8936788
8936905
8936914
8936915
8936936
8937058
8937073
8937090
8937098
8940278
8940289
8940537
8940722
8940755
8940794
8945517
8945539
8945601
8945604
8945617
8945627
8945632
8945848
8945876
8945887
8945923
8945927
8946171
8946267
8951508
8951551
8951552
8951581
8951720
8951725
8951743
8951765
8951967
8951973
8952000
8952007
8952044
8952070
8956617
8956650
8956811
8956828
8956854
8956862
8956873
8957032
8957053
8957058
8957113
8961934
8961962
8961982
8961983
8962012
8962259
8962272
8962275
8962296
8962303
8962550
8962559
8962571
8962596
8962612
8962614
8962624
8962631
8962677
8962678
8962680
8968745
8968749
8968751
8968755
8968756
8968789
8968992
8969022
8969058
8969307
8969321
8969323
8969367
8969383
8969395
8969405
8969407
8969410
8969657
8974788
8974813
8974829
8975050
8975239
8975249
8980275
8980294
8980304
8980316
8980547
8980553
8980561
8980593
8980598
8980604
8980605
8980615
8980907
8980908
8980933
8986727
8986754
8986972
8987213
8987236
8987246
8987250
8987272
8987287
8987317
8987325
8992888
8992972
8992984
8993248
8993270
8993308
8993311
8993590
8999364
8999394
8999645
8999668
8999934
8999939
8999962
8999971
8999987
9005607
9005610
9005620
9005630
9005650
9005678
9005887
9005902
9005953
9006197
9006214
9006228
9006238
9006244
9006245
9006247
9006248
9006290
9011823
9011825
9011870
9011877
9012145
9012224
9012403
9012413
9012434
9012449
9017673
9017681
9017732
9017936
9017971
9017980
9018004
9018186
9018206
9023341
9023601
9023631
9023646
9023813
9023867
9023880
9028812
9028841
9028850
9028869
9028881
9028886
9028889
9029132
9029323
9029325
9029334
9029363
9029389
9029406
9034299
9034334
9034339
9034613
9034634
9034824
9034825
9034833
9034899
9040233
9040283
9040287
9040289
9040299
9040482
9040541
