8680043
4992270
5932241
8658372
6808900
8936788
7794746
6916837
7863043
8673854
7863046
5256681
5300291
5281527
8673311
5837488
5646009
5516630
6787352
7214533
4761284
7678379
8425928
5869242
4478827
4997646
4137319
8202520
5665374
5795589
4810629
8188062
5266311
4918085
7488493
5210017
5846795
4785005
6949551
6025123
6953664
5750339
8084414
8524264
4381344
8058046
6048540
8784835
5830702
6132728
4330620
5705517
8673984
7799334
6734190
8809332
7985751
4923880
7422871
6824795
4837381
4432995
5552427
6265205
4870084
8039439
6521227
4181741
6416951
6864244
4866076
7989178
7410964
6110898
5679328
7132448
6313108
6235263
6506597
5278180
7381525
4330536
8137676
7771981
6472420
7141395
7427633
8440180
6124129
7632825
5905034
4089970
6193988
3966978
7129228
6531310
4070474
4038405
4632904
4693977
4783443
4666708
6620604
5520909
6548507
4810721
6770461
6936242
4482542
8486404
7253187
6333313
8153431
4544655
8735435
5227292
8846046
6245358
7316999
5011833
5182113
5587290
4596574
8685967
6528252
7749705
8592401
6355482
6458837
5563170
4975374
7294495
7932294
6022874
5387595
8206964
5788984
4230711
7998937
8372810
5580898
8372447
6414003
4859461
5227290
8058265
6355687
7279308
6531510
8597895
8962559
6001818
6916825
6528062
6211193
7405070
4925870
5420123
8680067
5854217
4851419
7790432
7384975
8916170
7604813
4833132
8784875
8758784
4731358
7589100
8586590
7897566
8263062
8536191
5723325
5712120
6369051
7799550
7625862
5811424
7452699
4808581
6528051
5512288
8314092
8557775
5232830
6812026
8450301
5188828
6514966
8653064
8871476
7279274
6991789
7083960
5718924
6451791
8877241
4481199
5585384
5122376
8231890
5645839
5147776
6136543
7473429
8969058
5047318
6057137
6605444
8168240
4558032
6210960
8501684
7122339
4565806
5830701
5908844
8063099
4636381
4957747
5168049
6827945
8986754
8961934
8759060
6537746
7919517
7514404
4568640
4908310
4110442
4563454
7273603
5716930
5510120
6376548
6500431
7462593
6440689
5186857
7105306
5632970
6126956
7371773
8017646
4613600
7183309
7173008
5789432
4918066
8652533
4122170
5547978
6696290
5707987
5380715
7491493
5935954
8030305
4329331
8680068
6231733
5284853
6399327
6306379
8647829
5620858
8242171
6100241
8163734
5760075
9040283
4863967
7427416
8580854
8148410
6887498
5512552
5126342
7256024
7517878
5466683
7897343
6472391
7795027
8394392
5888493
6379897
8778901
5976493
6995168
5185256
5254534
8158625
5662918
8535712
7217712
7625939
3931405
4069316
5776679
5545343
9017681
6168947
8716000
8071309
5905081
6017733
4102993
5670148
6479063
4569914
7645743
7829283
7842686
5091192
4343899
5780263
8163277
7332325
4062941
6017932
7157472
7371726
7871626
6440985
8790709
4863943
5437974
4196215
6048537
8632795
8513289
9005887
4786508
5545587
4218433
8211430
6268153
5952220
5945321
7169583
6221368
3964972
8003658
7199156
6524822
4954443
6168791
6773696
4402969
6667337
7807657
7887842
8834852
7414039
8426155
6682929
8007771
8343989
4485096
8992972
5116747
4199586
5714314
5888519
4708962
4285967
8431357
8263361
8975249
5716599
7553833
8748134
6984404
9040289
8604028
5389644
6864056
4264573
6007842
4279897
5776690
7976870
4725607
5225331
5292755
4904601
6689603
4965286
5521182
6800286
7045516
7704696
5601998
4092426
8242177
7261905
6555120
6544524
4328311
8071084
6368840
7129073
8481094
5622987
6706521
6117847
5145853
8802433
8529968
8287878
4579737
8729113
8470590
5679713
7476664
4308271
5859020
8753872
8889650
6649653
6399109
8945627
7338671
8044074
6455279
7998703
6488920
5672508
6794161
5273877
6749867
8715955
8716264
8198276
7919238
6867028
6165491
6641808
7776847
6479458
8822503
7476507
6063780
8664273
7317017
5627175
4503076
7892732
7229807
6746845
5472862
8420104
8178321
4562075
6165453
8778678
8173415
7682621
8414936
6083525
6124332
7759319
7276493
4931399
8859489
6596500
8147873
4362814
5064824
5182111
5952352
6518047
8088755
6239153
6479537
5705487
6835537
7575751
7432260
5164312
8784861
4131686
8067021
5817500
6319678
6479033
4565699
7033571
8597944
5405770
5260324
6136785
3996359
6852328
5665546
5466589
8440638
6972197
5679352
5576298
5376652
6602703
5112746
8772300
8679826
6924284
6211237
7129218
6506362
7338765
5962264
8664277
5932568
4473585
6926901
5981557
8568696
8222214
7432067
4011333
4394383
4812400
7521064
5591632
5622932
4906466
5679339
6242498
6280998
7977351
7238344
5989878
6087327
5952231
5028618
6080723
5635365
6297233
7897167
6911441
5508282
5137893
3939271
7001597
6063783
4500523
5585350
8198304
4769317
7476650
4760019
7785596
8858931
5756464
5093124
6573257
7320805
6670387
4436739
5179126
4699897
9011823
4983376
8716023
5472875
6048884
6194159
7476665
8551541
5248494
6096329
7754715
4981847
6525017
3954977
5837268
7678789
6680173
6569866
7125672
5352432
5688523
6140309
6165489
5501973
4663290
4318920
5693508
4925653
4689328
5096923
4594350
5340806
6355663
7226582
8198062
5134138
5910411
4504494
7507580
9005650
5756091
8501729
6964946
4086336
6468550
6221848
7902222
4126692
8932815
5348880
5654012
5578458
4130651
5667978
6255072
4837153
5693323
8003334
5834437
8691506
7105309
7888008
4213966
7786169
8026072
5380720
8921357
5037639
6576433
8263610
7320974
6071517
4097608
5935594
6495167
8449915
5064644
7964615
6521608
6503495
4758579
8337900
7563763
7968280
4604379
5804425
5486531
8025885
7115582
7338781
6319920
5989865
8017360
8198085
7662369
5780220
4945041
8119386
7829083
6162458
6844179
6685931
7186512
7435426
8071120
8398957
7790408
8921399
8058231
7993683
4492702
6645528
8501756
6436902
7026147
4041171
6486136
4973584
7785570
5795900
7544503
8618149
6635272
6812001
4999358
8398983
8323693
7157485
4323577
5730966
8821909
5691310
5620894
4374830
6645763
7247302
7993625
6951649
5854289
8052961
5834457
4507310
7696224
7022698
8173118
8158419
5008183
5888496
5612207
4904682
4049827
4943430
4205085
4548925
6555096
8119602
5037736
4680302
8017388
7413890
5462872
5082772
6734177
6437004
5395826
8093289
8920783
5082857
5414012
5015471
4624852
6680329
4361648
6071541
6362236
3993745
7759054
4310629
5143931
6451331
7371372
6310055
6217899
7659117
4957924
5153181
4284625
4457931
6413505
4999368
6852685
7592170
7402435
8951508
8097278
7893089
5852012
3944661
4767623
8551937
5169842
6576672
7247477
5292654
8945927
4882143
6740511
4187306
6809104
7261907
6649363
8900610
8303979
5948766
5994372
6231874
5626865
8791154
6835752
7696152
6506762
7381734
8192926
8138214
5891626
4728614
8394857
4963553
5912130
7384631
6743576
6537569
4400358
4705789
4937240
6156548
8168235
8778992
6117659
4843002
6086853
6703392
5958905
6451809
5750571
8771724
5474779
6987129
6664059
6197504
7531193
5824500
7157456
5945320
5629289
4876087
7053091
6835737
8633207
6150144
5296357
6579521
8377909
8916518
9040233
7407761
8628917
5104793
6287848
6464969
4681853
6190892
4690950
6447820
6555338
7678813
5858738
6440973
6630463
6482800
6951716
8168653
7183078
5914123
4876198
5792777
5240693
4490364
4103006
6942966
6514694
8246997
8883207
6326378
4010276
8124078
4752605
7358238
8530411
4318912
8129127
4610980
5948789
8609420
5211958
8957053
6124091
5665364
5681839
7611701
7579153
5602100
3984567
8329191
7537920
8293729
4798840
5196432
8748101
5244919
5939396
6613517
5705497
5885586
6461617
7754431
6541018
7151084
7053062
4876085
6077872
6436638
4431656
6335164
6916641
7115261
6818233
5049579
5013550
5571802
5133963
6767744
6630479
8569346
5486505
5516769
7794730
6193972
5985643
5376386
5187195
6066449
6656926
4404226
8835405
7528110
5096714
5032518
7576112
5744495
5580556
8362014
6555534
6869976
8637238
7553871
6306831
5506262
5098838
3956065
4038398
7176210
6333174
7708999
7892825
6911310
8658153
7273869
8163755
4598091
5180664
5942214
6352844
6528086
5429819
6476006
7569541
8647655
5246942
5279821
6683052
7482381
8288390
7470713
5156964
8232076
5747503
5534243
9028881
6232303
6559159
6528514
8809315
8486644
5296500
5478833
7485448
8828449
9006197
5573940
7700597
6022899
8680153
4783447
6294539
5578477
4537765
7332524
6893634
6428787
6254874
5494900
4978522
5336670
5025018
5792786
7189700
5733734
4393048
6656922
5866107
4318909
7534762
3969518
7268133
8623617
5462956
6218429
6534547
4237220
8728765
7659077
6225121
4996156
7601699
8652480
4515637
6667164
6132777
5976526
8815813
8158681
6984500
4415667
8147844
8663694
5645827
8221998
8080235
5185327
6350764
8377427
7888109
5198450
5618555
8569053
6080562
8241909
8114408
4608390
5728678
8450279
8071343
7452860
5714505
5227153
5137814
5871772
5114916
7666646
6930088
8703745
7176201
4450150
5401741
7867504
8263065
8236314
7662590
4562202
7511053
7981650
8956828
5939399
4308265
7951839
5633232
4402977
7314872
4840963
8802115
4707447
5478855
6251593
4579848
7842463
5296368
5703121
8252275
4083991
8252325
6268170
6667059
5281521
5795859
8673885
7108977
6974827
8968749
8722393
8465915
6953777
7563587
6057337
3984341
7135199
5627211
8389240
8394399
6528283
6958228
5994328
8697673
8026259
8043818
6132704
7179451
8198036
4329433
6803060
5164388
5705343
5874250
4139504
5538728
5858747
8329673
5714378
6046175
8889120
5482843
8906641
7462620
8603820
7671095
4415585
5882626
6171856
8945539
5635512
5866367
8383166
5460952
8664250
7993851
5726169
8980604
8003094
7951406
5817485
4012500
8551512
6322973
7241586
8187618
5759788
6221843
3974272
5298526
4296204
8648040
4554159
8691200
6706270
5846947
4455299
7741109
6036945
8114398
5643937
6969710
6835399
7824865
5681857
8377455
6114162
4353990
3996355
8962275
5334599
6664243
7951794
5204111
5006540
7101838
4748158
4118512
8148384
6670182
8722376
7479489
8877486
5082659
4001413
7943170
8945887
6331299
4677104
4045551
4863868
6348502
6228601
8940289
6039961
6743781
6576457
6039683
6511649
4258130
7364851
7816322
8242102
8802128
6107055
6214316
4248889
5210029
4113568
7744897
7081442
4092412
6407059
7858601
7462461
9005678
5166167
4522815
4367223
4726948
5648086
7273850
6706485
5747493
6589511
4261969
4010270
5585348
7129221
7537916
4234684
6355479
6734195
7351742
5639727
6417216
4107325
5545517
6159973
8088369
4945064
6495340
4536391
7141544
4559346
6875569
6720162
8685980
7037503
5723300
4288443
5602024
6033898
8173370
5786390
8119343
6562575
5643931
4379148
4744982
8450379
4963557
6261597
4321329
7351744
5583111
7955608
4117149
7351575
5079165
7205134
6552083
6100264
6696418
5759558
7297339
5716781
4886668
7371550
4415574
5730983
7268159
7198910
8722355
5601821
5403575
8722096
5561114
6617340
7361666
8906859
8679495
4738844
8450106
8940794
4912137
5380735
3933593
6136817
8609069
5985310
5707973
4052504
4462988
5422354
6472194
4778813
6432416
7678538
8197854
6852310
8110600
4900752
6902885
5356815
6231888
7105341
6194459
6090844
4148916
4343795
7091194
9029406
8969323
4401651
5095024
6794126
8563611
7351410
6706262
7863257
8524781
4263279
5240947
5798392
6955826
4120754
7345058
4178361
8329745
8871710
5573938
6515003
5618822
5804435
8895618
4469685
6069142
5663164
6184037
4980150
7439250
7192571
8546352
7169412
3988440
7803770
5028628
8802087
5360615
7589095
5455276
8202512
7956053
7019033
6624169
5856155
5587376
4555511
8124367
5629167
5091194
5364772
8486697
7718683
5382582
5466450
5843914
7157473
6495319
6395476
6251387
6465444
8425894
6440439
6447749
7399761
7022339
6458792
7037693
7947704
5747540
7479275
4766064
7052686
8257688
5688501
7645793
8318691
3959488
8404710
6027750
5405774
8017635
7618627
6897044
6316506
8268344
5047345
6428782
5888533
7964191
4564636
6890934
8026277
7238680
4355040
6074831
5290798
5665378
8877770
5427934
5837529
5354679
4693980
8729015
5824327
4565820
5180722
5496543
8735099
6174874
8709756
4649106
6902882
8722049
5177065
7410962
4888344
7494771
8497252
6387876
6143515
4327080
6416738
6042840
6107301
6670169
6436392
6372735
6368631
6780885
5965409
7947692
6569422
7776354
6391563
7776362
4312946
6184023
4670418
5665707
8703134
4898869
7491490
6372740
5863774
5900426
3995045
8883425
8865213
5536659
6310103
7238698
6653084
5830695
8309551
6172094
6764820
6071923
7338762
6800615
4340588
5650402
7129264
8303947
5039670
5859001
8933070
8524705
5731287
6447764
7166284
5464846
5869460
6204019
8747824
7906289
4996205
7041655
6787358
5416107
6521234
8715751
6635424
5635359
5576003
6630314
6376213
6380253
7598080
4053617
5763496
8003313
4102997
6680057
5922572
8697383
6346394
4357344
5187158
7338978
8420345
6399333
5416114
5114967
3987171
5880160
4401676
5164402
5786346
7786170
6039949
6706735
5049315
7758889
6242193
7608408
7837998
6432385
4243666
6703411
7781434
7510710
8367093
6844004
6900220
4888343
8551979
7888312
6048857
5470711
8822501
6265212
5817688
5500445
6187288
5166072
8778986
9023646
7855063
6375964
4990501
8859521
4347250
8252318
4870016
8137687
8895556
7628991
6448260
6468564
4717568
8962259
4933330
6869766
7981894
7303880
9012413
5891428
4598089
6677314
6251865
5104650
6908939
6235730
4808613
4442210
4851403
8748451
6613511
8404641
5317023
8110185
6093537
7544469
6867211
7101553
5087566
5792444
4772459
8753856
8361485
4164586
6291169
5476860
7169754
4318991
7064145
8647835
4371611
5589500
6221626
6143521
5900238
6797479
5922596
7935523
4769329
4775632
4735939
5290764
6352693
5843778
4123537
4954441
7943130
4358459
8759068
8906922
6025332
7067303
6323192
4952392
5635390
5817484
7485312
8598134
6607746
8314121
4406892
5055462
4235907
6080549
7449446
6395778
5021404
8597638
6037329
5049374
5208219
8846342
4789631
4123550
8334107
8436016
7906112
8636988
7910367
8101157
4070450
6576449
7842675
6197341
8669102
7923208
6482407
7183096
6303109
6806291
8535662
7824910
5008259
7598276
4923803
6319913
8293251
6217851
4283387
5521063
6136801
7192598
8715999
7892535
7465723
4078075
5057410
4457933
5951995
7335675
4990528
7604950
6800640
6770284
6822004
5375693
7695944
8278337
5030634
6231872
6268164
7820155
6048885
6821986
6468786
8304440
4156723
5681568
7510838
7344726
8980547
6585959
6040141
5976794
6013636
8168389
5885562
6605273
4521423
8377644
6991906
8063073
5260073
4681874
6479047
5869538
5708014
8871268
6465221
8637510
5494908
7445898
4310548
6955824
4550077
5766620
4999184
6824972
5165920
5643878
6156556
7232569
6946467
7560428
7012071
5514561
6630496
5262436
3952102
7049071
5985583
8221764
6786948
8936786
6379909
5464619
8063023
7829336
6310068
6828126
8962596
6500433
7071185
4997766
6251902
6468985
5747001
8323664
9028889
8114856
6465002
7014848
8535740
4857308
9006247
6242453
3966926
5260274
6531466
6133322
7067125
5061619
6767890
6413983
8137704
8586102
8961983
5843411
5288500
6864073
8188146
7964555
7074791
6630147
5591580
4173640
8221784
8287861
5614531
6548524
6482636
6835373
4529698
6576430
4010255
6087399
6369058
4876283
7625873
6541506
8192728
7101869
7749982
6962936
8852867
5418147
7595158
5939397
7964197
5654008
6750207
6589731
7713949
8470306
6649635
8536153
5935558
4833148
7470432
6964764
5541063
5916545
7615214
5902732
5171686
4241050
5998379
8465775
6030788
4260618
6265176
6300078
7160540
6034124
7550498
7419994
5049378
8323917
4832950
6903133
5877189
5516654
7750016
7252841
6211148
4783465
6156531
8999939
7939103
4814332
4239781
8603972
6559173
6207155
4501742
8481586
5968821
8420118
6773890
8669253
7645578
6777233
7211582
8822183
7371527
5672610
5985920
7781453
4048332
7306933
4898859
4174405
7371385
8846048
4482562
6267992
4238490
6887905
7297343
4847294
6806253
6107310
5215886
6653350
7816131
4713352
8415346
6329416
5073561
8337834
7863014
4675185
8563032
6406715
6277357
7799793
6752998
4402947
8168413
4010254
8012949
4780470
8980294
4247542
7279462
6147081
6645941
6524805
6855546
8609684
5827682
8541177
5567602
8951581
5665748
8921093
5266480
6953794
8263395
6180663
4737520
8883132
5432159
7098008
8481075
7569558
4876266
6620417
4013512
5082651
5804409
6281252
7592349
8796309
6503913
8080576
4473570
6270980
7976867
7696197
5597567
7556804
7811553
5703058
8101371
7776537
5770227
8703744
5665549
6410326
4544664
6294184
7195768
4261989
5703116
3981772
4840906
4211766
5801005
5401660
4413058
4562155
6764833
6184250
8039458
7388004
8486967
8974788
5047320
8575134
4073933
5565335
8025875
4644010
7732484
5958393
6534064
8475790
8216799
6573093
3932611
7410983
5686284
5204325
6303586
4895839
5681697
6306631
5472963
6395292
8673551
5776935
7312030
4425346
6875781
4405717
7329413
6630141
6693132
5089494
8603480
6335364
5008184
7374937
8877172
8906849
5134132
4656172
8277837
8961962
6448252
8828989
8618156
7678790
6596749
6797511
7993663
8859014
9005607
4289750
5691304
8282958
6093419
5679712
6686160
5691359
8632808
8574624
8535941
6391855
7947659
6255310
6683115
6372432
6897043
4971959
6368829
8309084
5958712
8754055
7550476
5397701
4663327
6828306
4540564
7595337
5478845
5510119
5698521
6911316
8628796
7910606
5290785
8790905
5929046
6818227
5133956
7019015
5972609
4313926
6232115
4014994
4113868
6319892
5747064
6951839
7683033
8568775
6294162
7008928
5700786
5382574
5898029
9005620
5116536
7842725
6497866
6184217
5140011
5776890
5776915
4876197
6545024
5571502
5401657
6506388
6309631
6083914
7504246
7015250
7662363
5019583
4785000
8710034
5158962
7537781
6534536
7531501
8541009
7906487
5358851
5268454
6303156
6365135
4631271
4287173
8512716
5414198
5679667
5656606
6019959
4506011
6162813
6200791
6468513
8628961
6627629
6593120
8957113
7807682
6500410
8828429
5866584
6087129
8021876
7951791
5439799
7547704
6407104
8450293
8852608
7425342
5843901
6288076
4325964
5284660
6511989
8173598
7820157
8841273
5928946
8535913
6242212
7883700
4150155
8663662
8632754
6054299
8226944
5518924
5631024
4178375
5464751
8734815
8053474
7985435
7955621
8652778
6960586
6034115
4659573
6096714
5753218
5229113
6645741
5321023
7888352
8617541
6495584
5633000
7176003
7812016
7319005
8524212
4789684
4705783
3936528
4816401
7204989
6057155
8192947
6124353
8815893
4719217
5962421
8202888
8017599
6827940
4783453
5814339
5518726
6638757
6649389
6555362
8647604
8211883
7015233
7074818
5182269
8906886
8790715
5464621
4177270
6475782
5670175
4510139
4394376
6334954
6132735
5656277
4849420
7758898
7060678
6440949
7507716
4657855
4720485
6127111
6162606
6511999
8889712
4956379
5939432
7491530
4778810
6130089
8048665
6429225
4450161
5260190
6808716
5686094
4169886
5653957
6297249
7901906
5770219
6593341
8246963
8299035
7655250
6162809
7049130
6455536
7041318
7919125
4783486
8334098
5827713
6380255
6255346
5141858
8945632
5840497
6022897
4291046
5459156
8647678
5604244
8188148
7501123
5248670
6821728
6395497
5416115
5047325
6831081
5561132
4542015
7879578
8895033
5604100
7056520
8182798
5032396
8679552
4205130
4110166
8227440
7029685
6428324
5614200
6743578
4382925
9006214
8957032
6825228
8084419
8546405
5707854
5457127
7067115
5849315
6573042
4946857
7993872
5104865
6685924
5219568
8337886
6150359
8841124
5472869
4066502
6121317
8168236
5763397
6572893
5063205
8158645
5208255
6878375
5985833
4894383
8198321
4439434
4415659
9006245
5244796
8435955
6270808
5508261
8372407
8465766
8076375
6303577
6387916
6268396
4133888
8617885
7820198
5538972
4812458
7872031
7977338
7736891
7282222
4992264
6207168
8337835
5173510
5856097
8404223
4803168
7615237
8465726
5629283
8507544
8852887
6201007
8143288
6653312
5728401
7112590
8962614
7235237
8703734
5858649
4889809
5298237
4411884
7223735
4427770
4837145
4362745
8815568
6387416
7008766
4748020
4218440
8871501
4883665
5334615
4461776
5759775
8349575
5676970
8709443
6635271
7998484
8993590
4343814
5622991
8937090
8236335
8741582
4619934
6541457
3968237
8759059
8716325
8669244
6506763
6593121
6555112
4508731
5508180
5840771
8278037
5688813
5324662
5422268
7201898
7772002
8415362
4962106
5629198
8293765
7410767
6593332
4117128
6426060
8679532
7648984
6174706
6274589
6896879
7960158
7625550
6472144
6861213
4980161
4200637
8449894
4371547
8420050
6844347
7855066
6630486
6407140
6479538
6528313
6767891
8540986
8263609
5036006
7273757
6472417
4911933
7514086
8318196
6653353
5314817
5063222
5686408
7342044
8106054
4473638
6497903
7759092
4193992
7842297
6623932
3966553
5861288
6074638
5187064
6004969
6559122
6906043
5047419
4855137
8168196
5356929
7396821
9034613
6255057
8623847
6187300
6670134
6566391
8778628
5705514
5849540
4108988
5922354
5622698
6936240
8337831
8791083
7320793
5106869
3933585
6746667
5856320
7795213
6228878
7947723
5498628
7217735
5668118
4016262
8465725
6838467
6309825
7291648
7910116
6218158
6281001
7309502
8221806
7786138
7317019
8834855
7119092
7871784
6387365
6284728
6558693
5863792
4271185
4705794
5780437
4044120
8753630
6936429
5540936
4526784
7727718
7199121
7468178
5958691
5648256
6663850
4956352
6296839
6362225
4774074
5283241
4752575
8329229
6673547
6066618
6500629
6962720
7273702
8703808
5990174
6060462
4361562
8338178
4960784
7381419
7799343
6599516
5633140
7517883
5981490
8933055
8338365
4855295
8802382
6238682
6107294
5210094
6790868
5962472
7618976
5075297
4800206
7645454
8435519
6376478
3944659
8187853
4092418
7560123
5798372
6855495
6569669
6025377
7696199
7915241
7220769
5770415
4166006
8673287
5084276
4636503
8846031
6096536
4939128
8623835
7994137
4868193
6818204
6566118
6998410
6485703
7220583
6054139
7063955
6596771
6303598
6683064
5080897
7981646
5869089
7612056
6482392
6251596
8232260
6790849
8097426
8962550
4818700
6998113
7939514
7611739
7592365
5883133
6271249
6890717
7405044
6485750
8470593
5441947
7767391
6322821
5026561
7060476
5886010
8642658
7635567
5053409
6025184
8951967
8895031
5599804
4424275
5254335
8497086
8722651
5350764
4780309
8101658
4806568
7105532
5662907
7241790
6423508
6723722
5912120
5698183
6727280
7037512
7767671
7592325
6171789
7390482
8778661
4479952
8758828
8101595
6617142
4522944
6878388
8658663
4847303
7026360
5370924
7862799
8017353
4066512
8877441
8980275
5407823
5356803
4981866
8133723
7488732
7338964
6440440
5922567
5523287
6599525
8304001
8017102
8129372
5168100
6534069
6897058
5368862
5973000
4413007
6238645
4150125
4446129
5246957
7632492
4407813
3979518
5736522
5900257
6858579
6303660
8137660
6458804
8795979
7297533
6110923
4173516
7960367
7927857
5128145
4650754
5424142
8535887
5318963
5807697
7998670
5346819
7807414
4952594
6805872
6602884
8178303
5869058
5767068
7863042
5326787
4797408
6100279
4525455
5039609
5750367
8741580
6391284
4774090
5338664
5047334
5919622
6284778
6479237
5674740
8933084
8771646
4108982
5310650
5789414
6069155
6730502
7771931
6551820
8993248
6942837
8809041
8883716
6974833
8703433
3950537
8101662
5759854
5334534
8828407
6630455
5840697
5695940
6849426
8299059
6107081
6534480
8734766
5711950
7285390
8563246
4668680
4937189
6020122
5324739
8435739
4735792
8110541
8609366
8168209
7074390
5308626
7105295
4745053
6387669
5739143
6225328
8530149
6090820
5861385
4999366
8592212
8043841
6372743
8349296
7470720
4681900
4187307
6197321
8808747
5624947
5985847
8808726
7265106
8992888
8586529
5286639
4151304
7067304
6100288
6730681
8551773
4110437
5770572
8669255
7939307
6682886
4136198
7744934
8969383
7846676
7560100
4456587
5063247
7732194
8012468
7993627
7348321
5830723
6465467
5418144
5202260
6503897
5064652
4123535
7906135
5744363
6297027
6706716
6825014
5382575
4908364
7781399
6797487
8846383
6949368
7211279
7071217
7148003
8008327
8580556
4894390
7041478
8450057
7790714
5348976
4182656
5045462
4629723
8936936
5276025
7456208
6224873
8529932
8293238
5120548
5635483
7566547
6093715
7534607
4349532
5192658
7078053
7759104
3974281
8603980
4220653
6960570
8389470
4695565
5853766
4356189
6806293
8383623
6133259
6540992
8147877
7566538
8153605
5208258
5075104
5338758
4748189
5958912
7208275
8153405
5656609
8501219
4563423
4472382
7169580
4940582
5912233
5985568
5571716
6646005
8802160
8828653
6696259
7531196
4251515
5001145
5120650
7244604
4933278
5001122
6828313
5565353
4929632
5177095
5397780
5001124
5360814
4496557
3975523
8298819
6071491
4591553
4206226
7223731
8377484
6180336
5693490
7393654
9040287
6403074
5037820
8524676
8202890
6060308
8524767
8741561
6280986
6900196
7374744
5830480
4442108
4247630
5561054
5380519
5972676
7700568
7344849
6207712
5770178
7510718
5885960
4477460
4812303
5837497
4933174
8618088
6573242
4127660
8242173
8987317
4251360
6051392
7785774
4216205
7300955
6814984
7058658
5654163
6127423
4728647
5605825
6656479
5455272
6075055
5292524
5656278
8367642
5489613
6306422
5990145
7368107
4624953
6630303
4342830
4007265
5432162
5580578
5618729
8962012
8216588
4738983
5744478
6180403
8815914
7863015
5654284
5721133
6548549
6696494
8071367
3970749
6395299
5618838
6139847
4199580
4559349
7803559
6660743
6180112
6624142
6225301
5183743
4619939
8293231
6329377
5652227
6569676
4012499
6730508
4599348
4717669
8906893
7799833
5089276
7767436
8110351
6361794
6573062
6242438
6521645
8658201
6146641
5665753
8753838
6120763
9040482
5387411
4131675
8709388
6805874
5693645
5409688
8187811
5833969
7074765
5871908
6458340
5491136
4789667
8048667
5021443
6352696
5100662
4783407
5543413
5650288
4945049
4692465
5198347
7572629
6268389
8809295
8586608
8334277
7300780
7368468
7001743
7097862
5874266
6586407
4348406
8258105
8318779
7638528
8617845
7253163
6174719
8227435
5767085
7097857
8486384
8664189
5091172
6902733
8071337
8293474
6706762
8541237
8242137
8268328
7691812
5972387
6562841
7250408
7358250
4957919
8501192
4585775
7939062
7459289
5663184
5330742
5856160
4918165
6537542
6297258
7887861
6967034
8501238
6171822
5998433
5939304
7538113
4927623
4731244
8148104
4011318
6346277
7608280
5840495
5668152
4879219
6602849
5550132
6649641
4650796
5464740
8173418
5252604
5523234
5538875
4271175
7074784
4468403
7456149
8759102
5068107
4474809
8153104
5869525
6214857
7666834
6110457
4613618
8802071
4340602
7235256
4764374
4780317
6630442
6683059
7148020
5972905
6231841
7795264
8143049
5972920
4595657
4874770
6610697
7157253
6033662
4456684
5200422
7125875
5681860
5626878
6039971
4654308
6406898
5554643
6680307
8734838
8420334
6509167
7262211
6090782
8329464
8153693
7211243
5077287
4479939
7781446
5562921
4710493
5560918
6180114
5741510
6077854
4105756
6566083
8512745
6380244
5942420
8372861
5227375
6737264
5427911
5648335
4859463
7820639
5480872
6114325
7846926
4282327
7939106
8465923
6436670
4742051
5316762
5116613
6479247
6716823
5081141
6821968
6905869
8420626
4457927
5256695
8753868
7579015
5691346
4031198
5731332
6319494
5370867
7700595
4786593
8748123
5399493
4469707
5284866
6309643
6599520
7875440
8546122
6933315
6960614
5382581
5654316
8772283
6573051
4046903
5759836
6638533
8722395
5116835
7015027
5164313
6576621
7732482
8980615
8815816
6624152
6287601
5114852
7014853
6284540
5668175
6900204
4855311
8216612
5141946
8962680
7507749
7214392
6261778
8183012
7128913
4959304
8088578
4656188
8236505
8470568
4760072
5232852
6150126
7404973
5464614
4278761
7063846
7410753
4882328
4687663
5700787
5641807
6310081
7285404
8067037
5707968
5885830
6923961
7192944
8758817
5643596
8257725
7238703
6406895
6020365
8092799
5447945
6165995
7271161
7087601
4808522
6482442
6677333
5795726
4963530
8486999
7320797
6596747
4801446
5529791
8871262
8715653
8790714
7871647
4029787
5496811
5196331
8859581
5648394
8937098
4544629
5179098
8557291
6313116
4599230
7030106
6232094
4447417
7759387
4769236
4649117
6280756
8173610
4826810
5180667
6461867
7291454
7422876
6342487
8242164
6080383
7270814
8603971
4745119
7118892
6559132
5458889
8632791
6551813
8778648
5459039
8129175
6896886
7816089
6290943
8541216
7115406
7446122
4971793
7083787
6436402
8389506
5356635
4839365
6323031
8685923
5081138
6958164
7989494
5198455
7576133
5859065
5028433
4169150
8993270
6518019
5541090
5133965
6406842
5708035
4857311
6921750
5508297
6806274
5922578
4558051
8021688
4845102
8211936
8969395
5851765
8030356
4237114
6139835
6103465
4582804
5869476
5770738
5120504
4880796
8715752
5500339
6268186
5547955
7659264
5710150
6001390
5741522
4601902
6465428
7064123
8003644
7927828
6579700
8623824
7960406
5489531
5571677
6576241
5527774
6316406
8158612
8969410
4623667
8168626
8410113
6008216
7709227
7320993
8586354
6645478
8173144
4814274
5667765
6566049
7727529
6844334
7531572
5538967
5094851
5604201
6008001
8226930
8541025
7968572
4505915
6696242
5849773
4217358
5391379
7772283
7622262
7645594
5185161
8501207
5989563
4503045
7396860
4044121
4857556
7678830
5346822
7951564
8765179
8124408
7829086
7781412
4042702
6315996
6153408
8629168
4605556
5114917
6833255
6635625
3965264
5206244
5230897
8628772
8067170
8338412
7074763
6441048
5998206
4596772
8795705
7884124
5164306
6989263
5077056
5837240
8394829
7666448
4421855
8143282
4223028
4521419
7344720
6943150
7273756
7585617
4906614
3932612
8637500
6989264
8344032
8853255
4744975
6667327
4331653
4170637
6043270
6387681
6545020
6896870
7514094
8367102
8828392
8501420
6586017
8623594
7300927
7514408
8232100
8076299
8129434
6770266
6015570
8062840
8476257
7968102
8147820
6548297
6544731
4192869
6146890
7585869
5711956
4876281
7144918
6492142
8921053
6835381
8592192
8450087
7354737
7067141
8017363
7785865
8349866
5919662
7981920
5185364
8246955
9006248
5763361
8795978
8889372
6200995
5238816
6913751
4661449
6447990
9023880
5656283
5302599
6749838
8466142
8969407
6573065
6485938
8685368
5834226
8685442
6255302
7910558
8227206
4446138
6372491
8383355
6090400
8129126
8143279
4115197
4107322
7541171
7754756
4812457
7432286
6545056
7288258
6015794
5646036
6667173
8703154
7704943
5116618
7700309
7491697
4639447
6342509
5043280
4927624
7201917
8802701
8951765
5376667
6610649
8299041
6387633
7026324
4645661
5846548
8877185
5639647
5709847
8263394
7115256
5922600
6331409
5939283
7597895
6573063
5853753
6150358
5266463
7713535
6177252
4610988
6110458
6340469
7989177
6207654
5786154
6303136
8128907
8318206
8173408
5801177
6001840
8153428
5464744
9029389
8025893
5744333
6984394
8679819
5114974
8747827
6964784
5902582
5871731
8097629
5728369
7393635
4328221
4933350
5352694
7179484
4900725
5965535
5942411
6197538
5487895
6685917
7670600
7947726
5344759
5403862
5510391
7919494
6329158
4618586
8309543
4985173
9028812
5962533
6951712
4916134
8445005
8900646
4515895
4994449
7625914
7629332
7803779
5846993
7001905
7763275
7132268
6756395
4666705
6426069
6258796
8334125
6974682
5952209
4044153
7883726
8445007
5939449
6521220
4626529
4665054
5153187
5990179
5691370
6828136
7902232
8034327
5330744
5149644
4766142
8263082
4235882
8128926
6121282
5939315
6534043
6528509
8187851
6262018
6858653
8076075
5149638
5736032
5695944
6569618
8877750
8440709
6399350
5066680
5401659
6465434
8691218
7582422
5180742
5403863
9012145
7163917
4170645
6828146
4172763
8637283
8753684
4507387
4430342
5504000
8025907
5443964
4831042
8034337
4649136
7550426
7445904
8952000
7695922
5916900
5242912
4446155
4681119
7772264
6596320
4888339
8802672
3968224
5591612
7291466
6632797
7204975
4840793
4464468
7759341
4051262
6797262
5858398
8372597
7863037
5395844
6727250
8071374
6083982
7871988
8257701
7317040
6562873
6083520
4014334
6210913
6482629
6924144
6511671
7422882
6322785
6444196
6344440
8841314
6274162
6007832
4138287
6569434
6034055
5075334
7109206
7988963
5459142
5714155
7927601
8008024
8227223
5885548
4301244
7704697
5464629
4624966
7129245
5527667
4959359
8663614
4816441
9029325
5718906
8440397
8263613
5292521
7994169
8263071
5891693
4060610
9005953
6670144
5001057
7662555
5480631
8334270
7960124
4436745
7994127
6555535
5747330
4481201
4853224
7884090
4209512
6313180
8247217
6344210
6797286
4975435
5503996
5935988
5632999
7723387
5928644
5013558
5998403
6821505
5000960
8236518
5200411
5827506
6500813
8460665
4110162
5126149
6025128
4855127
8709492
8426146
6203799
6200570
8778681
6103247
5830751
5474701
7671013
7901702
6153224
4820523
6828097
5866419
4418059
7238671
6632461
6046226
4965201
8821840
4283386
6509315
6638735
8216563
5455021
7919232
6040140
6096319
4368192
7279501
7255994
5330737
4871726
5358944
5849559
5260872
5268170
8980553
7892819
8268822
4069346
6682727
9023867
8057991
6074817
7211601
5055301
8877231
6150392
7345051
5714380
6043256
7407475
7728043
6492139
4749576
3954966
5565430
5962431
8921340
9029334
7713693
6001354
6524615
6962774
6228352
4985237
6423522
4367227
5395838
7771994
8877159
6949369
4233401
5015636
5760054
4181722
4751178
5998176
5733927
7358270
6077524
8840907
6780850
7910088
5286737
9012434
7022325
6743799
6558700
5840731
7439253
8629157
5972897
6524559
6545040
8691545
5063150
8518636
8748118
6890954
5122538
5116869
5610035
5849525
5563052
6352692
5662893
4447452
7723350
7632869
7655463
5916746
5728714
8361764
7462477
5192531
4652566
8236798
6337315
6607755
5849544
5405763
4169013
3976764
4831031
8541206
7915271
6514483
8410162
7825100
8785168
5264459
4863719
6645987
7834036
4994451
5679332
6335185
5405760
4436722
5071754
8148360
5126238
6395540
4833167
8124644
8574907
9034899
6893639
6147097
6013449
5861163
6569415
5696131
5004611
7166456
6107286
5976514
5807848
5955343
5976828
5573921
4288552
8802106
5856158
5137908
5726057
4276281
5830730
7435719
6545039
5182279
4994260
8187636
7863315
4375464
8551508
5824706
5968916
5665376
8524491
4956294
5866147
4876273
4355106
8722072
5525462
3961057
6534053
7851156
4801452
6280976
5859067
4003990
6139862
8445538
7432103
5900414
6525066
8569306
7393859
8492395
4041172
5270055
6140090
7270985
6022533
6562332
6239130
6033876
5932596
7015021
8173674
8841316
6143332
7671023
7229961
5859024
4297357
5437870
5935839
8637028
8999987
8404213
4273785
5141957
8492386
4307194
7964353
5919446
6960439
8003317
8338416
5525470
4977183
7351733
4547460
7498141
6245322
7579342
4486423
6413729
5770438
5158870
5559117
8926961
8535916
5635478
8431113
5928896
6368596
8673370
7655669
8916152
5830756
8618066
5215969
6905679
6743580
5068111
5026704
4764464
7683038
6673557
5516644
4088753
7029907
6669947
8946267
7160679
4558055
4036964
6432963
6348325
4482559
5389651
6562566
6521232
8216830
7192748
5637324
5571532
6767728
7632676
7407795
5236933
8304203
8367723
4100276
7138395
8318159
6518024
5308605
7074424
8647616
7977057
4226937
5762932
8536204
7608422
4672064
6165722
6943193
6617113
4661505
8728733
6406882
7101851
8859514
8426420
8586583
8084063
6838450
3992525
7915270
8592465
5484586
8679810
6583138
4579852
5439889
4499067
4681764
6383768
4230690
7560103
7795237
5563176
7371522
8598195
6534068
5853709
5502070
4814349
7208157
5296469
8679744
5308848
6033903
5872153
7854924
6323021
7074767
6746871
5030555
5665537
4289779
7179488
8372847
8455016
6262113
6113936
7704499
6350431
6582690
5545527
6429006
5804193
5998421
7943620
4668702
6972172
6979539
6962906
7473711
7537785
7384978
8741593
8952007
6462082
5863727
8858997
6074625
6057353
5700454
5731161
5882686
8252764
7413898
8563311
4442209
8343954
5968812
6583184
6376510
5573777
8314131
5929056
5665542
8637316
5833965
7638481
5178850
5290799
5342621
4925659
7863028
7897326
5006338
5607956
6497890
5994356
4563446
5464628
6503480
8293793
4559310
3956064
4567143
5700634
8377876
4286065
8299128
8034603
8183215
4696922
5837258
4211844
7501431
5583107
4868118
6958162
5023243
4343802
7214491
6825001
7928078
6372487
6747032
4267175
7183051
6436400
7785584
6706706
8097404
8323694
7731988
3950531
5306724
7833518
7446111
5037738
7718370
5605931
4330559
4558033
4152417
6713085
8383086
7932023
7033815
8263104
6036943
8198258
6183962
8524694
4910023
4803208
4835104
7078418
5445825
5807548
6893666
5580756
5585033
7361359
8637255
7879590
8501732
7517663
7109173
8956854
4534967
5681702
5914311
6803037
6777195
4106488
6582901
7294509
5827866
6602902
7217704
8541004
5240701
5766607
7413745
5858756
5998470
7754445
5580574
4859681
4263300
3944652
5039667
8784817
4478830
5268276
8729121
5294445
5066656
4464376
7172876
6300101
6221391
7872008
6383487
8435562
4443432
7872039
5594002
5276054
7132288
5998364
6861428
8932571
4547521
8435729
4302457
5731325
8361735
8802680
6274117
6585988
5736542
7868006
6274553
5807819
4599333
5633145
8962631
7585843
9018004
4579840
4536403
7276350
6803042
5395758
8557302
8895263
6150155
8110398
6348461
6358700
5354757
5418228
6811784
5721095
5726202
7759078
5556850
4031242
7785884
5750123
4396608
6204281
5702949
7157275
5256405
8221724
8563003
5376371
7964622
8481599
4332906
8735127
6709661
7651854
4977180
5360613
7588769
4235870
5733756
8178311
8906400
6001610
4155998
4341795
7148240
7115568
5578489
8071570
5633227
6703204
4556663
4136194
5550156
8063061
6890738
9029132
5591732
4002732
8889669
5922355
6803216
4560553
7897388
6355427
4675313
8383658
7253196
6770458
5804157
5147892
7273739
7342039
7446113
5302507
5792757
4117152
7358088
4883814
7323162
8318413
7384634
6689377
7407954
5236826
6166015
6139857
6664227
5382594
6165505
8546407
5871902
4124702
3983712
8545862
5264432
6479240
6380197
8445219
5656662
8129431
6380206
8323667
7648962
8709807
7605183
5811391
8455225
7211253
5496721
6759198
8048457
6165447
6902932
7927800
6544754
4070465
7314758
8318728
8728764
7575743
7671081
5656462
4117145
8399208
9006290
7144569
5962425
6660513
6806272
6287809
5559150
6750049
5169639
7125862
5607921
5972641
5861143
8216570
4505898
6183989
8952044
7749971
8278292
8142815
7235229
8927567
4943575
7279310
6365201
4100287
4602034
5925636
8852558
6495360
7115659
6949339
4826834
4889858
6916608
8741619
6225105
5217979
4857551
6858585
7192917
6737425
8551717
7087224
5591623
5840702
8901137
4404184
8026084
8506997
7629155
6194394
5789447
5478806
4786509
4820633
8735382
7807390
7163926
5879697
8211442
4713344
8790877
4436744
4694005
6391588
6613541
6780444
7173026
7541378
6565872
5556848
5773468
4784994
7368114
5350744
5602103
5668113
6555332
7927610
5891923
6303593
8741269
4960798
5587170
7005285
6066471
5501856
7939526
5736370
5086061
7052897
7001742
7078014
6642256
5179089
6716615
8343996
5990082
8603977
8497265
4124719
8110399
6841345
5358711
8168401
8252839
8501762
8541186
7872033
5637601
7445926
4948788
8889700
5656592
4861756
7465537
5096717
6042829
5403736
5691349
4985442
4837009
7273743
4309413
5852006
4357340
7138372
4120969
7833702
7759055
6200965
6635647
6010878
5651997
5563145
8399411
6849653
6271212
5192806
6670383
7998666
7258990
5405742
4326030
5897853
7256010
4816486
5750544
6869973
8778647
5045453
6211161
4574124
5716848
4876267
8980908
5304548
6136584
8716315
5830691
7850987
6951862
8461152
7476403
4693887
7335487
6582714
8778299
5648206
6090554
6814987
8198311
5098919
6319937
5858394
6541483
7713541
8637246
5750514
7767421
6326139
4731369
8784859
4977164
8426170
5629281
7935337
7402605
6544779
8980933
7514471
8187582
7179456
8642601
7030088
6794363
6521616
6858629
7993905
4214050
5126350
6117673
6169089
8945617
4681852
8956650
4981795
8685944
5814483
6623936
6407106
4657760
9012449
7052677
8628793
7132403
5266490
6762045
4514391
8703724
5393659
7713961
5102655
5554638
5677176
5770181
5219860
8951720
8425877
5385891
4229429
4278666
7915292
7494813
4544550
8691789
8980907
8389020
7816342
5691313
4486439
4296111
5213970
7763446
7012098
5811295
4606915
7045297
4853414
8647844
6680345
4232023
8962612
6977272
4188391
7205276
7781183
5891656
5998418
7223766
7858109
5723286
6387664
6913918
6492417
4946785
5804567
7384937
8318698
8138196
8557229
6534518
4999351
8147825
8105614
5155043
6902914
7799336
4150123
5837533
5703062
6589528
8062889
8535683
6432444
6638917
9034299
4400373
8906672
6448076
8119647
6593138
4443446
5441984
7605128
5268391
6949351
7642089
6596476
4312880
8962571
7727957
4239760
4590204
5064654
5756547
7488469
5843467
6045994
6677369
4302536
3968238
5726156
5290543
6024937
4970063
4168317
4008313
6046020
8975050
5268374
4127653
6784174
6808703
7005139
5212154
7815911
7682819
8207153
5520916
5376646
7030156
7179806
8420360
8343744
6503746
5270045
6479479
8759032
7803544
6184237
6147077
4041163
5273997
6066644
6919197
7868008
6677385
6143517
5712249
5516681
8268598
4492697
6068856
5120657
6864232
8075931
5776960
7682618
5783427
7223539
5356634
8535693
5288704
8592471
5605827
5132293
7504248
7157082
7405075
5422357
6576615
8835465
5948820
7019013
8815936
7354926
8846081
8653078
4622299
5965558
8318220
7858654
4018892
5223245
5151448
5254460
6083985
4894342
6753142
4939094
6455071
4555522
4778760
8114665
8044022
6524623
6605598
6040304
5597700
8097586
8853221
6284535
6803038
6849661
5955261
6667060
8722330
8357503
5827658
5686491
6133304
8273741
8481292
4251540
5571678
6861437
5424313
6942989
7915283
5830867
5958735
4780308
8784883
6090593
4999291
8778622
8927549
8729102
8426186
7605126
7780963
7071197
6011048
6969584
4988499
8524270
7300769
8158378
7097832
8604011
7262195
7244752
6667336
6423346
7759324
7833989
8309067
6110958
8183276
6489328
8318414
5389364
8758767
7659309
6770632
5518709
7883719
7034003
8808749
8491922
8518945
7833745
7919263
8178333
8697350
8906628
5141948
4661445
5670143
6599915
7507417
6090415
5641753
5780051
8889103
7374881
7413903
6890911
9028850
6265433
7902254
8129119
8097283
6979683
6808925
8580279
9006238
6248565
6326384
6579889
6071729
7807698
7618975
4066786
8053450
5045558
8642305
8609669
8834941
8796002
8409592
7678545
8124611
4713397
8569298
6013667
6358541
8945923
8153376
4314991
8541432
6821779
6133312
6191142
8481050
6846670
7566532
5006460
5464823
5550040
4228172
6177241
4293653
8889348
7429576
6890716
4576951
7253172
7521045
8076112
5523213
8652830
8367354
3944577
4708948
5849576
6607908
8268314
5840724
6214386
8383367
6140050
7858095
6019977
7655404
6566364
8357717
6147055
6358499
8858984
6703374
7504222
7807653
8470868
8592169
5604114
5541182
4687737
5326779
4393045
3963573
5879897
4857324
5019514
7998675
5824296
5739012
8426162
4965191
8628941
5321028
6395281
8936905
7273612
6630154
5591447
5236710
7642079
7575904
8759346
6264952
8247199
8492080
8404733
6878714
7625864
8293247
7060728
3979509
7371769
6391600
4021305
7144587
7198922
6261834
7838050
4571333
4663334
5279942
8454936
7220757
5492924
6911221
5602157
6475742
7268123
7176000
3961071
6818649
7803841
5422346
5629012
5151362
6936257
6051402
5861251
4895870
6306590
7078020
5451410
5009884
6066486
5276038
8524258
5098996
6436680
7456200
7029880
6737411
5064764
4626427
8003682
6458839
7485643
4065565
8883210
7208513
6803032
8728803
5140035
8623346
5486352
4868120
6787310
7479368
5356905
5079228
6277588
8658191
5639728
7815900
8435509
6194410
8591920
5198427
8133502
4521516
5405607
8168184
3988436
5545534
8710060
8188093
6060058
7041304
5405835
5610200
6030822
7754713
8293264
5714458
4326510
6482848
5883118
5603863
6635630
3968213
8987325
6632813
8470345
8734848
6565897
7419812
7749697
4346111
5304554
8735374
8017314
7005441
7718361
5321016
4436725
5187061
4177292
4158058
4340628
4916130
6174534
7723320
6656928
8021660
6887892
6630340
5093320
4992466
3932625
6667171
5641629
6884785
6197281
5141743
8071539
8076341
3951745
7968563
7981932
8758805
7342040
5364768
7041639
6469027
4857519
5552315
7422901
7648716
5990119
6335008
5968770
5843413
7947719
6288036
4064255
4729904
8906964
8603508
6294328
5407796
6419934
8999962
5726207
4186052
5085982
6177072
8158587
7790185
5278050
5266594
4647556
7097865
6242490
5194383
7122320
4024163
8772321
7785888
6280934
5710039
5346922
5017567
4117143
6245532
6599527
8865458
5861402
7932243
4229470
5695957
9034833
7232663
7364743
5985865
4579862
8263109
6528290
6034128
8518899
7527959
6773718
8192723
5843733
7326683
4122165
4755535
8110356
6087169
6395749
6368788
8198232
5075293
6194418
6407128
6992099
6753178
8648049
7153875
4933348
6469052
5648095
6696487
7485618
7790375
7429609
7465727
5624820
7368101
4242458
6902745
6171839
4853392
7202037
5866158
6903078
6083694
4330537
8470312
6284503
5576334
8901084
5620978
5098900
7105576
5508183
5989592
4455308
6713098
4847072
8765467
5998453
7416746
5652258
7550276
7858626
6156303
6592892
5609871
8778608
8241890
6528253
6472437
6630160
5296465
4505920
5071862
7915290
5128356
6232087
4329353
5260298
7576069
5346823
6939562
5004605
8592406
5502081
5512585
5393663
7632649
5066661
7332280
5242937
6492122
5532122
5431918
5858752
7579333
5968804
7244712
6060446
6372802
5648471
6974819
6391595
4036228
4672076
8809379
8940278
8815213
8652462
8722740
8673562
6296867
4898858
8815521
7910543
6316411
5843431
4877789
6663868
7052852
8956617
7070976
5589365
5370991
6129913
4277499
5514375
8304434
4857337
5637317
8252269
4725437
4978664
7867977
6806056
7687545
5130250
5250524
8183008
4000257
7476519
8377866
7074783
5218000
4399224
7041458
7767719
6541238
5736554
6004934
8691771
5028590
5840291
8288432
4983602
8771977
6432972
6200564
6447787
7402412
6916809
4436813
6916812
6313119
5714328
7655469
7655668
4352801
4041166
7173049
5843958
8258131
8193170
5523231
6048858
4322440
6344328
7759362
6391594
4752562
8999394
7732201
5635215
6306598
6387670
8299095
6673354
4006249
8968756
5591600
6562793
8012460
7618657
6403084
7148015
6660755
8003357
7452915
4863960
8466110
8962296
5211936
6492167
7759391
7022499
5464747
9018206
4891210
6375955
5296227
4252815
6747013
5468479
8722700
5648217
5670158
6194467
8900816
6232324
6777420
5962493
4943524
4689215
5393751
6808888
6734193
7846953
6355634
7387786
7858117
5670494
7303914
6927227
5026707
6743800
3952107
8951973
7446107
7691828
6323241
6022890
5817330
5194384
5556767
6068830
8747861
8722107
6689577
4229479
4505928
7514413
7670830
7432077
6372750
4931281
5556642
5643733
4857310
8202543
4237169
6709848
4326037
6337093
8852585
6693083
6613556
5290561
5932213
8741890
8163528
7655687
4803196
8399194
6562848
5084388
8703753
5874409
5034410
8911710
8367406
9006244
3997671
4072758
7132277
5585265
4021574
4112081
8426358
5149528
6797474
6340685
5690905
4692433
6194404
5565204
5827858
4963575
4983396
5102870
8734814
4880834
7273851
8075917
5985610
5290683
6271014
8440198
5702939
4897407
5952203
5219561
8017135
7579379
6620822
6531298
8802438
7723037
7731978
8569270
6509368
6060268
4092414
7045130
5679522
4840892
6723562
7884076
7749703
5206149
8926947
6096523
4508727
6153433
5834447
8574842
5846709
8637465
3988450
4666844
7887847
5951985
6133285
7741104
7338788
8614076
7795005
6569677
6117678
6248531
6579541
7879873
5508037
4701452
6770661
7572441
4254224
4271190
5882669
5137817
8669071
4944948
5334618
5008274
7758897
7235573
6251903
6375961
7772269
4804530
7534800
7985413
6511798
6916820
5736584
6488944
8377908
7659299
6531302
7645584
7838037
5827845
4029731
8999668
7776830
7642245
6127333
6290935
6933130
7419658
8329457
8324274
5945438
4349559
6420165
4221797
7098228
7037498
8945604
8314141
8012731
8178137
4906634
6632842
8722386
5753628
8741585
6653063
7282507
7271156
8143281
8476274
7763587
4994389
8512973
4993415
4009283
7186746
6867235
7736894
7019025
6534294
8828446
8765755
4683132
5270342
5731192
5635345
5425941
8449889
5618716
7338800
5672502
5457097
8586570
7410766
7060498
8969307
7384779
6962920
4009075
6949262
5202240
5085998
6153186
4413005
5169635
7521238
4255432
6858593
6696039
5567434
8603441
7365083
6204262
5436010
6500810
7910125
5139773
6239170
4035479
8487002
4086343
4661342
8329400
5817629
8574883
6355639
9011825
6825016
4942038
5741683
7384787
7381748
8536189
4187316
5935804
8758775
6399334
5296217
5750382
4224312
6387387
8741605
6531290
6153191
5700667
5198454
6897040
5527773
6337190
5707817
6004967
4118332
5120644
5942386
6013265
8569333
5599529
8728767
8426456
5756350
4269843
5747474
8889380
7544677
7833974
6524562
8889688
5498633
6716815
6133005
6417215
5932616
5726049
7981671
6991801
6417217
5786145
4888287
4937196
5280046
7932029
8007791
6187556
5595871
7524486
5753698
7771728
6767703
8445528
5972972
6127113
7736661
4363818
5612322
4035503
5807702
6274593
4022664
6528277
6497900
5605651
7105345
6294201
6410219
8865705
5985845
6228369
8153432
4954514
7687089
8303997
6080783
5474761
7229778
8653065
4806526
7291464
4407814
6730304
8753816
7582632
6297235
4650667
8288146
5965109
8084223
8148337
6007794
5366970
6218436
7923250
4474798
5460819
6258787
5985288
6100055
6455073
7767439
4301154
4120971
8535930
7425574
8232276
4250166
8119665
5665725
6514506
6562351
4759926
8501188
4918081
8361465
6682728
7348009
5527678
6764693
8252770
4245045
8791115
9029363
8673936
5610137
4880731
5358959
5010009
4178214
6890933
6995190
8263646
5120720
5932591
5824678
7811807
5356795
7033608
7314716
7413753
6448035
8497264
7906312
4822807
5981230
7531564
7405197
6180643
4629690
7354954
7091234
8536128
4402961
8586627
7618623
4985412
7101547
4963542
8771702
5518717
6335022
7595192
4971800
6811993
6264931
6007802
4100289
8741566
4166129
8557825
7368436
8569060
6238671
7255851
6410014
7592003
4910194
6946459
8053460
7226905
6479245
8246931
4505911
5216002
8278299
7375134
5783434
7608261
5989864
7811751
4119712
6894039
5246946
4874786
3956505
6849615
4046883
7348031
6130084
7750052
6703378
5789224
5837724
7524678
4675290
5344842
6235508
8530185
7928075
6838452
9034334
8747841
7939519
6576240
4137327
6703209
8877253
7258988
4327081
4882161
8449890
4699779
7618819
5684017
5500224
6623919
5268390
6132734
6410233
7960161
5037852
8685737
4975373
5922733
7527925
5385840
5939309
6638531
5686448
4279925
7045325
7649003
6709671
6896877
7687263
5830747
7566736
7993840
6254881
5358948
6417223
8287871
7241759
4160017
4477448
7282345
5955068
8399478
8338428
5023275
5330911
7223725
5716630
5041278
5116622
5277903
8501460
5260281
8513199
6024984
5679530
5599526
6806285
7138105
6524799
8901092
4963366
4644008
7365075
4112091
7833965
6946488
7736656
6881536
9023631
6355253
5804596
5618553
5741637
6858232
7550136
7541152
8324240
5962232
6451761
4661508
6512010
7553495
4277482
5889004
9011870
7816354
5026706
5157033
8461203
6750045
8076104
5229406
6753139
8124080
5559114
4877775
8206715
8197869
8858973
6362179
6884809
5274003
8039220
6315991
5358969
4167564
6407131
4325832
5811408
5804597
6608038
6166051
5583132
6001570
7442384
6316434
6391285
8815573
6964775
8603439
8337838
8795639
7132265
8232097
5849696
8623843
5443959
8927024
6046169
6245526
4401659
6417158
6495608
5086040
3934004
6297248
6387952
6669933
8614180
8383344
6383797
7294619
6599879
4863933
4477455
7402421
7622264
7659263
7244575
4233306
4246279
8889628
6905708
8853171
4753802
6689378
6027917
7867728
5445933
5078994
6306377
5942392
3939274
5674507
8211655
8465912
7872010
6075012
4713239
8101657
4104382
6685933
4826874
8697664
5639645
7704498
5262421
6124265
8557568
4647773
5362647
6780602
3959120
5516664
6780399
4859464
6716422
4639469
4804661
5043329
6458807
7442708
5064858
8389504
6787573
4558056
6835746
8268786
4076818
8501723
4642305
8158636
6506561
7825111
4610963
6306386
6780640
7297492
8846051
5858390
4627852
6852712
7794963
5874079
7960116
6858385
8501701
8697419
5998486
4945048
5968905
8034607
5492912
7884102
5773277
8017582
5041439
8822509
7696250
4323649
4241075
6548299
4094992
7772272
6046219
6030786
7276506
5445944
5106853
4863742
7625738
6669948
6326146
3995034
7862835
4833076
5925626
5589337
6667149
8283137
7981443
8354389
5057415
6165514
5843463
4963563
8710079
8765815
6048838
5569591
6022872
6093732
5420011
5260316
5470714
5830441
5250569
6670131
7094411
4101658
5718916
5604253
6312946
4141992
5670365
8932645
4871537
6239115
8076337
5260319
5538735
4210723
8795713
8765701
5021459
8871776
7833962
6905704
6485965
8586028
8841285
7977385
8901118
5814614
8614249
6468780
4874699
6806275
5169757
4160834
6569893
6355226
8603797
7179804
6827936
8859251
7611711
8512695
6726922
8647818
6872738
5854056
3959160
6790453
6346404
7186416
8062668
8772281
8158592
5352463
5833988
6653280
7018609
8815954
5789385
7517907
5591599
6821747
5688521
7364734
9023601
6884814
5143912
7335482
7166447
7288563
8535655
8603436
4698344
5981583
7820715
7014842
5733888
5162351
8552022
7691886
7563436
8574869
8821926
6642268
4132598
6699678
4269940
6110903
6326154
4080260
8673612
7807360
5086070
6894053
5652103
7638525
5413789
6391905
6238914
5538971
7892555
8586026
8445529
6235466
8193247
4612306
6387878
8541365
6248542
8129390
6930091
8287877
8153114
5338760
4025630
7468365
4957740
4937243
6878712
5387598
5705389
5952351
5707814
5770569
8367726
7262038
6534508
6372230
6531135
8597919
8828718
5916910
4360524
6365147
8685946
7807663
8691573
5853715
6573302
6337078
5262164
5091177
6773714
5084467
4659569
6280733
4845119
8796277
5750100
4965206
6387910
7507420
6849399
6753021
8772308
9011877
4654161
7045136
4576937
4364952
5656644
6998407
5312835
7888021
6126941
4183952
7144884
6333336
6166062
7090971
7375123
4104402
5122516
4451485
7261902
5178875
8628924
4812452
7235363
5597831
4772611
5395610
5804434
8852638
5041447
4588730
5478856
7754475
5856116
8101639
7087635
8551760
6090617
8415360
7189514
6468998
4611009
4418072
5698555
5389373
7803583
6696061
7449492
5508273
5594009
5215885
7442381
6753182
5466584
8158168
6423497
5840556
7166430
7078376
6287849
8444966
5328825
6610656
4874759
5776730
5895646
8633247
8257700
8877249
8697146
5558997
8252315
6214868
5236926
6887904
5837731
6005004
8673967
5290806
7294494
8357512
4118488
8709776
6462067
6673611
6187320
6773887
8110587
5158876
7205130
8293213
8603780
8529892
4762780
6617123
8936915
5939074
8822506
5238825
5264423
6660293
6309653
6166035
4789677
7939293
7507559
4431673
6383757
5780247
8273532
8043826
5594033
6492111
7235362
6924121
5656660
7186731
6932964
5589465
6248573
5070104
8383136
4125607
7582318
6569864
5214035
7105533
5266589
7846457
7169818
5562922
6113929
7858591
7824874
8039006
5652100
8568976
5354553
8202511
5854062
5871962
8426454
6270780
6683096
7192729
6905674
7744924
7223757
8076325
5236948
8546124
5188842
7384949
5585361
4621081
7538098
6007841
7335501
6673553
5021448
8968992
7863311
7208287
6191147
4874790
5593694
8927203
6432953
5990122
8338153
8604050
8557779
8828962
5434139
5254462
6716609
5962407
5529788
4607048
5789158
5525326
6663884
7745487
8486926
7052701
4853375
7608609
8425919
8889630
4132799
5037652
5817294
7964392
4602019
5641493
6613539
7514466
7267984
5767083
7652040
6238702
7326686
7501277
7816406
7572444
5773228
7105498
5994118
5886054
6887472
7033768
7326412
8541446
6022707
5234808
8609622
6632622
6117647
7687244
6833249
5688788
6406891
7608415
5071658
5302398
4971786
5645833
7196119
6511997
4083965
4456619
7041706
5403857
5240705
5064818
6087132
6376475
7829293
5283260
7169377
4645667
8703463
5723102
7850964
7019030
4845026
7910101
7049308
4395418
4413013
5962411
6686333
7364724
5236928
4264596
5032582
8007821
5061701
6440414
4226867
6897214
7282214
7695729
5733568
8372835
4866083
6140322
5871738
6264920
5942250
7344869
6063580
4891312
5298246
7488585
4218462
7598058
5908859
4265877
8691572
7713547
6429208
4410630
4359478
7740845
6586243
6855494
7507554
5601808
4704402
6852699
8911943
6280984
8951551
5462939
4798799
5972922
7049136
8883497
8580733
5843712
4939148
4970238
4670467
5846933
5087450
8785500
4877621
8058271
5683688
7176016
7259144
5674721
3951741
6335017
8309072
8507001
7517666
6669927
8796220
5488058
7776866
4983586
6645748
8211427
7691421
7435549
7378270
8956862
4029759
5770585
6171583
4795749
8691845
6410313
6358999
6001603
7125554
7582283
6127120
8722348
6528049
7511048
8247407
7968318
6335162
7638487
6127410
5616590
8399031
4010259
4866088
4707478
7807639
6258346
5830739
7754737
6469020
6593115
7615351
7935506
5529910
5670546
4844900
8980561
4179510
5508041
7026294
5302600
6207410
4297338
5654155
5427922
7491538
8877232
5140012
5010055
4416892
8809321
6306582
7205000
7320873
8524489
5789232
5250552
8852928
4861799
6936250
7705039
5041437
5693321
7989003
6190700
8323615
7566557
5693627
8507250
4349528
6297216
5089474
7601503
9005630
6165982
4507277
6548501
5578490
5192771
6143492
8637508
6773706
8337811
5656618
8741354
6107044
6830894
5883110
7354760
5258380
6080572
5817298
7018635
8202524
6649188
6528061
7261900
7732472
7309601
4564476
7892813
6977140
7601364
6326006
5707868
6143330
5731356
8658369
4513006
5532001
7632501
4362738
6124103
5726155
8975239
6821998
8168630
4277342
4847075
8906878
3979259
5441971
7060696
7345065
6673792
7754714
8697719
5066808
6964953
8685976
8592191
4631286
4378349
7504389
8969657
7731959
5677329
7517532
7691411
8648090
4368195
4770999
8324200
6569832
8912189
6767908
6395271
6461808
5200409
5766950
6063801
5789440
6268385
4416989
6043065
7303907
8440390
4042686
6376175
7732199
6858397
8846654
8546344
5795353
8808731
8449929
6000772
6472419
7235558
4034084
7923215
5679348
7166437
6127160
5843663
5968513
5955458
6951865
3959492
5084462
8999971
7655618
5763411
8021835
8658641
7442380
6596695
7217715
5206256
6709675
7528166
6514514
6156777
5723473
5434075
6645978
6544506
7655240
5418168
8795670
8035016
5968946
4080261
8784857
3959487
6001382
6033680
5744450
8980304
7399468
7011854
8791134
7981633
5747511
4684658
7465464
7662803
9028886
5837284
4119711
7482121
7247325
8748443
5378475
6136863
5093362
8053231
6579893
6455278
6433012
7063975
7491740
6582678
7807175
5698198
5368854
8765437
8124378
8252579
5731155
8637075
5236830
6884798
7135329
4228155
4515891
8518410
5776716
6492135
5693655
5976862
8679479
7645736
8420126
5843980
7118897
6350742
5650151
7534791
7553630
5147651
5840742
4288547
6602865
8349585
8778342
6030615
6815171
5023172
8697102
8858923
4198398
7943180
5075223
7498327
5976803
6689793
6734163
8986972
5182264
4985254
4713245
6713254
7893092
5308874
6025152
6562376
8859590
5459064
5763252
6159725
5977060
6716883
5837236
5384323
4115568
5837705
5591583
8790686
8183014
5354652
6074655
7018823
4559226
5521195
7915240
6258576
8722659
5980874
6384079
8680156
5395824
5741774
5833989
7163703
6932972
4053361
5484712
6048854
6855736
5480867
5157045
6416779
6482827
6485706
6107290
6486123
6492329
7052894
8540972
5190876
4303639
4341867
8124128
5807685
6489118
4588714
7052684
6337205
5552408
6287850
4720387
5728378
8859206
4229465
7892785
5500416
6589934
6037353
5840477
6716827
7666637
5340566
8399506
6682762
4701325
8496975
6649351
7364733
5985897
7452543
4000287
8637503
7479371
4193986
5030576
7527964
4876257
7208266
8298757
7070983
8637018
8968745
7098030
8058228
7030135
6593295
6537529
6333317
5942252
6890915
4749653
8901156
5677332
6048543
7534443
8367700
5037635
5457108
5039673
4632905
6197747
5854032
8158597
8357376
8592194
7407960
4150119
8580504
6251624
7951815
7011947
7375124
5443969
8663711
7906299
6177106
8900551
7790187
7696241
7176005
8399451
4626535
6432633
8426125
6399336
8697412
7556802
5135948
8911789
4497805
6994958
4499068
8513259
5955079
7205295
5141869
7749710
7972809
7354895
6964955
4008754
7531173
8936914
8349314
8828702
7736679
5635486
8337867
6642035
8586604
6566050
6358536
4784957
8455432
6942851
8431602
6936287
8753683
6121280
6734019
7405061
6165460
5622930
6838253
4656191
6579673
5520925
6406886
7351745
5643725
5776483
7276338
5693337
7344704
6334998
7169572
6159480
5591437
7018642
7682825
4250190
7078402
7524657
4794001
5352456
4256758
7834045
6355640
8207164
5597818
4487757
5587377
7470664
7635581
5387419
7030082
4946676
4966901
6437003
9034634
8178515
6461847
8318800
4230686
5064823
6133243
5702693
8741302
6919070
8377888
8980316
4123515
5914115
8987250
8802053
8252551
4157280
4136183
8178125
5820881
8486401
8343527
6365398
9023813
6777200
8679823
4058627
5834022
7074780
4689334
6699907
7758877
8815265
5985644
8686030
8414912
8658624
4873086
6221611
7498338
5489615
6340674
7462349
8435962
8980598
6362234
5648077
6777440
7163921
5990144
7029847
6407132
6582902
7427473
5955426
6417174
8883791
8362052
5272150
7824854
4740365
8017345
8795980
5165937
4406880
5814660
8435778
9018186
8445262
6312911
8173369
4374201
7655402
7041279
4960785
7556818
4784844
8076347
7981448
7994225
7285291
6294358
5468613
5736527
7049298
3989843
5466440
6403648
4671957
8987272
6602906
6191129
5109002
5714517
7976852
5696126
5209933
5843756
5804162
5583106
4057638
7932026
6849410
7932062
4110448
7851466
6545009
5035879
7265099
4952509
8835444
8420630
5952394
7700103
6733979
4298693
4656164
8178533
5578582
5252606
8889740
4267188
5057523
7754751
6713290
5364861
5554373
4829051
4826677
6124364
6342367
8771687
6262058
5278184
8957058
6271208
5916585
4410515
6117434
8906654
8282931
5620689
8481258
8765462
6936628
5498631
5171582
5306709
4766063
5866104
8080262
6994852
5137881
7705028
6338942
8895569
5589514
7763463
6818231
4681847
6140321
7846904
6251606
4882280
5710016
5554536
6420148
7541024
3959464
5399343
7919504
8110361
8153616
7776913
8530235
5200318
8834910
5374640
8263392
8003626
4397866
6074841
4036696
6132964
7008936
7749513
7094402
5730962
6458589
7645799
5693308
6080413
7732405
7785576
7083972
4103023
8263089
6093382
7442539
8722115
5401774
5407916
7378413
5912159
8318423
4629694
5198340
4552881
7662846
8911954
7375100
8632997
4410516
8093236
8617516
6239125
5364791
4182754
5919763
7704727
6103728
7589056
5795889
7045548
8207144
7449452
4250262
6949555
6887876
6060474
5744458
7741348
4587254
4593031
6043230
5316767
8324164
6096346
8969022
4555403
7091217
8389553
5427920
4602009
5773213
6500802
6280982
9005610
6248331
7709200
6410539
5057534
8603740
5840280
7268131
3943239
8092844
6337330
6428987
8168662
8883750
7422854
6518237
6261805
4853384
5008255
4939087
8663984
8063048
8101172
7538084
7790203
4975366
4198407
8404721
7811610
4148891
8710038
5840574
8822220
4536395
6207439
4272511
4482557
6096510
5585099
8349876
5851806
5688766
6030825
6492126
8377924
7011952
8962677
8663686
4011138
3963578
4234683
7090991
5225194
5635201
4710466
5198447
6194143
4851440
6716578
7456181
4708957
6316435
9005902
4874695
8969367
7494969
4693889
6607757
6479068
4980148
5521067
7183056
4275063
6375938
8093206
7914999
6635668
4859688
5707967
5972335
6340485
4902624
5958750
8497102
6060257
8586586
4294831
5576353
8153383
6645991
7718624
6106817
7473696
5354657
5932474
4330534
6982090
5846778
8580526
5661026
4267268
8053208
5773255
4423038
5252337
4898730
7981625
7462356
7618642
5916562
4486434
8148118
5024995
5529920
6906101
5691180
6602514
7622298
5789177
8815923
5614556
7588918
7511073
6919075
5914233
8323970
6572848
4338309
8449887
5654266
6384016
6534094
5703088
5338736
8895597
5837706
5422348
7348332
4427665
7727971
8574874
4845025
5695779
8889730
5597815
8110207
4179524
4812467
6509318
4343812
7820159
4931474
8987213
7763646
4454141
5770429
5770234
6616919
6197549
8658183
6423700
7803834
4173642
5981492
5320942
6376225
7767641
6255354
5747543
6579853
7939248
7534611
8741338
6020128
8871212
4808537
5902816
5702898
7582419
5807828
7935513
7566552
6056951
6190641
8334318
4108992
5804189
6960352
7816400
8722671
5252579
5753243
5389631
6617116
5894070
5415854
6951853
7202045
6613545
4160825
7575742
8030359
6024971
8030029
7691385
5840478
7919252
7081340
8114843
8921045
5994077
5482942
4269839
6030817
4189496
6372240
6967203
8084054
5130323
8617577
8932640
5877174
4372946
6410507
5904921
5320834
6979670
8785407
6559155
7498320
8461211
6338948
7803361
6448026
5889018
5853999
8759316
4309416
7867745
7160552
8685637
4894325
8962678
6143788
8450094
6984652
8974813
7763614
3951748
8221787
7601712
5057416
5380747
5824673
4795755
5631234
4161514
5599822
7652039
8772330
5776756
4686234
4370329
7794932
7214699
6750224
6579687
7972610
6132713
7101562
6028107
8916550
6322799
8425933
5192679
6177426
8309597
8980593
7538120
4900550
6251921
6969589
7094769
5334585
6045797
5416108
7887855
6762170
7417044
5747477
5731142
4045577
5472683
5411950
7351541
5436235
4912123
5434143
4687775
3991759
5378614
8455004
8980605
5128353
7705050
6303630
5783421
4310635
5883071
4389412
5955269
5521060
7015190
5656633
6030779
7049322
7258986
4992437
6878521
5583028
4699913
6719992
8993311
5077214
6187774
4327097
5028619
5989810
8986727
8778645
5869278
5177069
3986297
7709502
4054648
8163276
7811548
7078420
6841171
5238961
8877819
8399021
6783932
7147839
4892739
7067315
8889413
6576423
4315990
5545644
8030297
8404284
8129354
7026334
8759396
4404194
4341764
8133918
5627177
6713268
7244559
8183292
6368606
5707550
8815286
5084476
6387953
6710037
4771002
7659279
5679637
4857555
8822159
4555506
6004564
8507016
6436966
4407796
6281207
6015833
8697048
6139841
4683223
6177428
8658702
5503982
6653129
7741092
5932215
9012224
6235781
7812021
5998169
8741325
5124313
8445027
8288378
4929637
6048867
7270992
6503535
6921540
8715679
5665555
7754217
7163789
7405221
4760051
7785639
5830692
5814309
7854941
6171790
6610740
7399782
8287847
7723369
7803403
5886025
7456202
5942521
5229394
8710048
7816349
8530481
4927808
7070773
6296850
8329144
6635662
5714364
5023264
5540925
4758552
4883792
5288496
6558913
8946171
8569349
4916140
4970198
5330983
8481028
8501724
8580291
6610739
6071918
8642070
8017140
6120758
8008303
6287781
6916841
4206203
8865765
5914263
4182765
4593036
7282357
5298396
8088789
5767148
5702913
7927812
7642073
5373016
4107303
4142938
5304724
8846350
7223578
8138168
4612310
8796237
7914774
5594022
6372433
6017741
7262192
5760046
5071867
6680308
8062626
7399771
8541013
6627657
8735151
7410787
7135312
5849327
8765435
4814323
6403116
6955788
6255088
7109218
6344178
5780446
6177435
6001820
6566116
6218138
6331423
6156494
4215147
7981656
6716840
4725543
8912222
6835548
7247633
6080717
4115589
6916625
8916349
6294571
5583038
7407763
5474991
7897335
5935786
5594015
6472427
6861436
4021303
5432064
6821962
5716978
8329413
6214574
7955590
8614081
4432977
5705384
8901123
5686495
4910214
5196320
5776448
5240926
8236321
8916553
8951552
8716217
5753256
4994475
6217880
8778937
5202342
5153184
5284826
4801601
8034799
8828662
6589942
4767777
5622967
5660977
4206208
6218185
7037923
6165479
5434167
5795899
5418244
7897383
6846813
5494821
6063597
8338477
4689223
7442551
5047340
6156553
5147632
5248699
7651840
8110199
4248875
6521654
6576238
5478574
4025634
8409836
8513236
4966773
4427775
7897180
7807374
4959302
5536728
8956811
5120532
6190704
5446050
7569565
8623331
3940479
8313768
7732425
4960592
5462962
9017732
7868028
4710495
5534410
5352583
7662848
8470778
4717727
6255285
8945601
5948609
8586591
8709764
8241675
8940755
8048448
6335345
4216216
8158650
8900810
8273330
8142802
5935592
4154817
4806361
5270181
7338771
7241570
6048842
8501431
5609881
7572622
6743603
8329738
4540665
6613316
5468634
4963362
7465731
4822779
6440947
6498182
6228584
8318710
6344194
5336498
4973592
6699904
6114116
4292322
5853714
7060489
3941882
8263393
5169775
6258544
6902889
5536643
4391828
7390802
8617611
5176914
7479501
7700298
5707965
5861292
6897054
8557526
6592885
6861423
6558648
5922706
5045544
8436001
7371764
5118500
5948668
4797423
4904469
4218438
6043225
5091389
8722687
5977072
6916635
8367665
8003135
5496831
7345056
4432970
5677335
6146892
5143922
8883798
6632649
6107274
4665053
8399222
5366722
8039246
8658597
7674594
4851226
6645527
6548486
8349359
7250153
5686445
7374890
7316924
5726016
5858336
8609625
8216806
8846683
4716176
5683701
7737166
7666862
5945116
5965418
6498020
5891459
7045282
8106041
4911924
8530440
7247427
6585998
4221805
4894332
7956078
6890565
5681552
6046228
5614405
5885819
7214389
4366171
8329406
6596530
7273867
5955455
5766894
5922340
7431922
8193173
8293724
6589537
4626546
4400384
6235507
7501451
6683114
6110964
5455271
9006228
5670478
8883732
8263611
7115372
4220661
4036948
5330976
7687513
5035888
4806469
4656176
8932833
8828678
5298401
4076820
8795972
6780604
4160819
8916610
7384758
8545843
4971984
5958914
4394450
6623963
6436696
7517535
7723361
7731993
6534286
4486433
6579679
4952561
4302460
5753463
7601342
5281415
8673878
8198031
4755375
4542142
7427413
7605141
4106990
5643728
5989826
6471992
4720493
7393670
5227293
8187605
6309648
9029323
4153731
6841560
5994330
5891448
5561146
4840944
5792459
6472152
4080466
5108740
6521263
6746675
7459168
3963572
5500342
4886807
5484782
6551786
6783930
6972173
4046898
4443430
8367057
7825156
7595039
7887840
7112566
5721108
3946052
7459155
7834024
7771953
6156768
7205304
5091419
8685453
4060456
5695782
5786369
6926894
6375974
5422114
4275073
5260212
9017971
7709481
8129137
5789402
7842501
5202254
6312692
7608635
5635371
5741642
5624832
5622851
5753250
6794402
8846086
7642251
6608106
5660811
5639774
7705038
5846566
6693086
5932583
8642646
7384763
7867989
5268178
7846428
5302521
7544668
7833523
5158938
8273746
6022869
4335114
4112120
6248341
7223770
8147863
4255426
6156801
8846667
8293768
7981634
8268605
4707544
6465244
4757083
8053456
4198410
6514485
8202875
8507200
8039503
7884089
5833944
5654010
4245050
5656669
8592164
6623723
7820643
8580832
4213999
4737455
6989261
7238349
7217550
5494674
8461199
5801053
4376775
5292775
4686189
8574910
7276499
8410171
4404205
6013280
7452859
8313748
6680311
6740330
4774238
4294824
5292660
5151417
7901694
4500543
8673288
8663909
5441951
6949244
5837672
6936458
6399043
4490384
7585895
7018630
7951397
4390541
6818666
8604015
6828142
7160903
5707805
7160871
5821066
6472371
6083951
8344022
8491938
4749700
6451599
8778318
8153156
4868116
6391575
6593106
5912157
8389283
7070918
6107040
5102907
8815279
6054438
5445831
5096922
6313113
5939065
5409925
5609875
5494670
4627934
7906111
5951983
8450083
7662552
7745402
4745115
5922548
8318707
6162450
5646143
5419906
6419912
6630159
8211894
5298514
8114854
4960757
6087547
5670498
4744980
5137875
5599796
5236837
8343544
7378402
5981598
7666865
6403334
6986898
6841366
6774136
8828387
6277859
7741286
8932572
5006539
6518274
7888313
8951743
8304429
5434074
4362815
7432274
5770185
4229438
5645845
5948808
7960106
6740325
7893082
6348328
8790875
7138250
8808764
7182953
6280736
7906114
7364728
8377675
8110378
6902909
6143554
7700659
8945517
6168806
6524571
5990129
5662899
7875277
8222287
6071708
4916123
6232118
5026537
4407809
5154926
5306501
6624149
5089499
6506748
4154830
7060250
8361510
5830439
5789243
6153592
8663668
5681717
7538106
7413889
4125436
5830648
5919766
5348961
6352982
4076588
6007816
7834012
7754443
8217026
5198457
6509016
4770994
6951653
4761289
6693104
4476115
7951380
8236559
8449908
8063100
4163050
5354672
6333056
5047396
4636497
6844354
8883193
6322822
5494894
5437874
4414202
5767126
7498041
9034825
4596795
6329178
6548077
5348952
8217020
7744851
6261772
5866395
5877012
8389544
7906284
8669241
7160557
4323574
4104377
4873253
7067113
7883691
8394427
6734214
5519055
6001801
6010858
6696274
8940537
6924146
6936587
7910328
5814333
6551579
6030606
4587217
7232828
7589101
7045498
8119155
6011013
5744129
5024833
5534241
7727764
6319951
6143760
7897641
6921776
8962624
5304471
8232254
7504396
4744985
6465426
6344220
7595165
5879902
5508292
5891866
7695966
7144584
7341858
4225670
8158170
5370992
6984649
8575140
6406845
6066636
8278358
7964377
5487886
5824552
4061767
8933072
6893847
4134970
7507533
4927855
6566063
6114390
7320875
4369189
8889351
5618538
4945086
6475481
8466173
5693487
6645957
6057309
8304405
8007995
4076840
4182330
7915305
5036048
5753701
8992984
5503845
6849611
6495158
6881555
4725605
8598193
7041278
8409608
7767659
8771723
6375930
8153116
6720319
5124154
4447355
5620681
4904652
8999645
5503827
6348491
7312200
6500866
8728773
8846082
7868014
6503486
6217897
5185332
5935924
5460829
6756206
6929947
8080582
8153362
6610296
6800457
6475747
8828375
8026093
4028184
6468734
8304450
5989583
5310552
7351703
8168656
6814978
6489317
8338381
5653974
6335016
4171373
7045145
8815302
8288420
6197574
5661001
8367626
6159732
6824772
7985431
6436921
7037906
3932660
6998109
6214855
9028841
8617881
5545617
5800537
5965550
6727283
6537813
6509008
5859017
5512468
4546102
4920146
5760093
4234594
6743620
8404722
6699686
4153513
5302382
8933091
6664100
3981999
5939093
6008232
4891363
6207667
7871625
8202900
5292506
4785004
4775626
8940722
5872138
8921418
4301173
9040299
4564595
8637560
6486211
8691824
5240851
6962904
6063619
8288414
4879233
8969321
7537790
5397694
7943378
5385934
4499100
6066673
8697727
4478840
4334028
7332310
4166125
5719190
5843957
6596738
4977186
5858693
8822525
4310517
5773280
6235734
4552760
8450098
4810712
5599672
4746659
6869607
6913881
6673587
7186534
5834477
4891319
5573756
5783181
8481078
7875286
8932653
8257964
5869073
6030835
6852720
6294174
7226595
8277854
7811997
6191166
7064114
6790464
7919461
5023246
4419354
5482931
5552162
8999364
8304415
6767561
7138277
7794694
7270824
7943663
4479935
5962445
9040541
5744157
5744302
6733998
4840795
5925539
5472692
6867020
5998386
8900812
8071599
5955478
7485317
7605172
6342515
8530455
7807440
5210027
4661354
5571534
6733990
6221863
8071302
5700450
6355666
6369080
7407929
6495130
8372390
6436401
5336682
6569459
5906809
6423744
8722087
6372463
8987246
7820675
5976522
6268365
5338536
8703466
3959461
8968751
6172072
6303616
4551474
4062971
5352697
8613906
4362727
7632834
5900252
8710026
4834946
4900553
5039682
6348508
4898866
8686003
8231869
8815272
6559134
5932447
4356172
6110501
8431343
6372717
7208471
7592311
5424065
4830967
6194391
5407808
6492415
5980950
8354450
6423681
3989818
7629132
6159458
5834261
7713724
7786081
7338657
5928632
7604953
7196084
5795897
7037513
7208283
5593884
8772268
6902916
8101646
5231026
7276349
5320950
5985262
7297687
5631240
7189737
5631270
8404439
8759077
8865774
7060262
8313896
6080407
4746604
5081132
8642028
8507274
4061542
7695949
3954961
5914111
7993640
8895264
8765148
6465211
4574116
5409810
8420387
8524245
7988953
5908857
8338146
8722390
6461627
8148326
6908757
5169855
4184922
7304061
4518611
5534553
6911211
8012683
6455047
5834284
7361343
4774176
5399338
5399575
4560687
5837280
6784175
6001825
4112109
9017673
7262190
4060622
8354106
5552139
8263608
5814328
6004543
5051360
7135331
8278308
7531190
4554281
6946489
4446132
7226744
8008075
5290700
8729014
7456151
4022912
5478816
4777164
4342834
7208150
8211694
8282954
7022734
6335342
7413882
4107304
8993308
8765460
6855697
7241441
6833262
6060507
4994438
8735449
7887807
7078044
7875596
5036065
5405748
6333312
5824345
4053635
3941885
5064656
6656703
6326164
5981556
7063855
8258134
8268343
5756294
3934007
7470442
6323213
7604966
6503534
7833701
6180359
6110741
5736570
4950651
5162304
8999934
5614168
7977043
5585109
4089947
8865130
5075327
8163725
7084158
5948435
7294637
4795633
4399140
7118864
5676924
6846820
6060052
5413989
6020309
5965379
8435772
5605798
4716152
8399489
7169564
4619917
8846343
7285269
6221343
5911993
7419672
9034339
8663713
7264957
4055655
5478851
8652489
8987236
8496926
8709751
7632668
6589961
6723304
5215918
7306787
8937058
4843099
4742066
6429186
5384132
5578630
6248532
8017322
4840937
8906602
7317012
7855197
6919326
6207713
6610678
4710499
5686451
7045528
4536389
4210646
3993779
7192604
6299898
8877728
6166093
6410039
7183263
5234687
7083957
5674836
8389211
6350442
6156312
4585771
8076120
4421853
5667981
4812399
5344838
7741331
6627433
5958692
5993785
5340831
7067279
7670793
8481095
5385826
8574589
5466457
8097455
5830899
5840305
8236533
4588684
8399424
4612191
5212058
5043321
6780437
5639785
8580730
5714481
6660760
6248552
7892571
7449491
7108993
6037132
4196211
6001879
5561058
9017936
7037913
6344343
6063812
7851460
6723307
5176917
8236352
5166195
5643571
4438136
6372203
8367702
7393547
5302584
6525052
6576228
5851790
4999362
7695936
5849284
8759054
4701324
6673802
5096886
7393525
7846436
7205101
5011825
7449182
4939089
7605119
7390830
4186192
6399070
5451581
8461126
4118498
7964404
4337241
7700307
7252950
4060635
4900749
8143052
8088818
6197548
7598260
6916651
7427471
4569945
5916893
8926949
6465012
6964960
5929069
5055482
8759007
8361469
6569468
4511653
7834033
5744126
6143306
4062966
6747010
7402425
5360612
8388964
5605826
7807136
6194460
7041463
8735355
4415588
4233403
4089942
8735367
8183033
7410800
4818694
8753639
8852879
6429197
8613907
4612326
6511977
7381727
7648969
6020331
7320787
7642231
5612311
4011136
7968303
4376110
7897357
7973032
6200809
4371624
5047400
5661176
6514977
5725867
5066672
5234816
4451465
5559146
6197764
6037171
5985558
4404198
6140046
6475526
4272535
7144714
6479250
8987287
5998368
6008251
5024829
6369083
4022667
7955846
6730671
5106832
6156745
7687489
6096745
7435582
8334307
5059618
5543424
4335109
5102892
5780010
4287175
5773011
8686025
7374923
4664906
8436011
5888747
7247461
8951725
8097635
8512769
6551783
4427669
8334281
5736398
6482420
8937073
7431933
7915029
6025361
8012724
6143784
6403343
6998398
5750116
5650320
5240935
5811414
7550457
8900846
8105576
6967024
5677315
8961982
5447722
8637572
7442511
4228173
5066590
5869477
8268355
8257680
5849579
5106858
4594359
6632436
7041698
5668142
6962779
8227198
8440231
5753521
4291036
6159717
6592851
7786104
8758723
5569462
5079144
6048727
7014847
7410648
5134160
8236305
5874088
8445203
8728440
8968755
5342840
8399497
5079231
7198923
8603524
4218460
8017364
5891844
7988959
7507401
5679318
5508023
4584193
5951996
5587288
8163501
5286477
5137919
7195755
5064757
8105589
5258177
7033758
6524610
5686483
6855711
7709196
5091306
7754706
4393042
8044036
6051229
8697666
6838482
7022710
7951528
5922549
4931441
7727556
7229775
6264988
8106076
7968511
8425952
5369130
8076303
7790141
4148911
6653324
5094848
8329710
4613598
6399601
7919481
6558908
3969253
5491152
5646005
8277833
8470362
8945876
6924124
6130254
7815898
7014872
4443443
5281617
7109196
7507564
6500466
4738846
5614412
5580721
7892759
6638974
5866377
7449202
6007825
8795679
6436682
5662940
6200565
7531571
4062728
7435584
8097597
4604354
5883102
3945888
4042710
8309602
6312924
7485658
6025333
6491936
8530439
5432083
5665726
7129265
9028869
5258180
5505968
4957742
6790632
6113941
5356873
8404717
7494656
5300437
7553821
5179091
5143919
7794739
7955852
4695454
4123546
8642627
8334269
4255452
5882858
6599926
4163799
7041464
6159697
7700541
8257929
5763443
5262167
5494927
5952299
6703401
7470506
7371418
4275065
5705151
4992475
8450342
8974829
6911334
5081030
4168146
4309408
6368584
6156347
6395500
6756031
7541175
8686049
8460866
7763453
4983397
6063775
8097645
8956873
6110453
5025002
8697363
7459144
9012403
7951391
7078048
6656695
5914124
5554614
5010090
7351686
6187330
7939071
8680086
5726019
7326551
4874781
8716007
8668908
5538734
5786208
5962026
5811098
5741514
5721107
6941317
7807664
5556877
7910317
5643888
3962427
6482838
5487982
7244452
6677145
4460561
4176178
6808877
6025396
8592385
6093531
4604377
7030113
8470784
8450324
4588591
8367094
5780264
6524808
6730510
8551456
8052987
8697055
6656474
6376180
5637586
6107022
5948805
7514228
6623961
8153136
6773911
8003659
6818200
4764360
6221655
7704726
8968789
7618984
4351829
8911948
7547707
5635527
5759791
5462935
8404445
5849583
8530462
3933589
8945848
4542137
6489122
4443461
7153681
6890943
8647625
6620602
5026731
5296371
6110478
5430043
6048517
5962291
8703435
8409821
5545667
8591915
6063562
4388313
6469017
8580545
7943353
7973041
7348346
8084440
4100298
8324193
4752574
5965407
5217718
7504203
9034824
8808678
5849585
4195082
8012505
8821883
8178563
6019969
8597665
6767532
8926976
4485101
5925654
5858694
8076320
5356772
7662608
7563820
8591937
5254561
5654139
8748119
7955821
8691212
8119648
5985588
8952070
8263622
7462453
5230997
4761159
6210931
8080551
6482418
6815163
6254877
4908379
8158124
6030809
5866340
5374550
5472693
5155041
4755523
4879226
7947310
6630313
6268341
7479478
8796339
7034020
5824331
5981163
5470574
5108995
5064763
8475782
7229980
4689320
8044047
4968608
5256643
5489516
7998460
5766874
6403315
5081126
5955309
5747544
8617884
4868191
8597625
4767628
6228395
7972834
8192984
8969405
6031004
7776902
4294838
8518984
6376209
7959913
6703376
7816351
8563606
6087162
6593135
8372582
4567186
5914101
8450056
8246941
4002751
7705040
8168177
4886743
6376214
6258349
7049137
7781405
4444783
8263092
5036060
7659256
4680286
8476318
6083992
5766852
6277416
6150371
5045556
5597704
5846759
7192959
6316196
7273862
7745157
7285394
3950530
4608378
7608425
8685938
6926892
5632972
7354738
5523321
6605454
8889164
4894327
6190675
6140347
8758803
7256033
4933324
6187787
6890559
8598198
7943337
8242134
6399308
8466156
8765810
7211394
4657925
4563348
7960140
5741809
8685650
5591633
8932630
7288375
8815523
8409823
5665763
7056534
6114395
7153850
5387606
6020320
4401657
6228890
6130210
8962303
5281420
7951386
8455542
6479490
5843988
8501456
4199572
6015824
4732849
6797715
8420361
5789194
8354414
5691193
6004929
5346825
8178315
6451558
7129044
8637511
5609880
4610996
5321017
6168949
6232079
5955456
8628764
3968212
4782090
7250155
7943355
8143005
5262422
4952598
5273973
6034116
5494925
6358710
4034089
8048405
4665091
4988684
5436128
7569221
5726023
5684011
6906061
7875287
7090857
7687514
4435419
7767234
6083923
4097597
4774256
5453421
7538096
6358994
8784833
4678748
5358973
6043248
6284496
7241813
6153223
5719165
6087101
5834484
5439794
6413525
4659561
6022722
6103489
7094569
5589351
4032658
6395720
5096707
8512728
6403630
5254348
8349810
8906935
6599535
8729048
6593313
8192963
5478831
7037524
5650275
6994871
4315074
7550439
9017980
5627021
5622952
5922679
7109034
8258167
6767892
5482957
5589390
7314755
6376174
5728723
8741609
6214877
6414018
8415138
6384020
8642663
5827897
7659285
8012956
6074640
8501171
5366976
6331304
6165759
7323165
5658749
4073924
4173637
4248892
7226759
7070782
7442519
5114839
4758510
5919756
5910512
6514951
5374429
6825020
5641773
4303649
9023341
5143722
5610065
8349845
7919463
7928085
7250167
6503937
6423711
8962272
7727561
6323001
7781171
6083746
8475770
5126365
6228857
6290975
6589956
5444053
6057132
8187617
5162358
8236507
7166626